ID_Word	ID_Lemma	Lemma
49864	84473	
49836	84445	%
52136	86745	%
48580	83189	,
48587	83196	,
48596	83205	,
48644	83253	,
48730	83339	,
48849	83458	,
48883	83492	,
48935	83544	,
48948	83557	,
49042	83651	,
49189	83798	,
49281	83890	,
49551	84160	,
50067	84676	,
50127	84736	,
50291	84900	,
50558	85167	,
50592	85201	,
50602	85211	,
50705	85314	,
50753	85362	,
50944	85553	,
51060	85669	,
51869	86478	,
52095	86704	,
52124	86733	,
52246	86855	,
52404	87013	,
52872	87481	,
53104	87713	,
53354	87963	,
54351	88960	,
54365	88974	,
48612	83221	.
48682	83291	.
53064	87673	.
49000	83609	
49789	84398	
50332	84941	
51291	85900	
51680	86289	
54347	88956	
52575	87184	
52135	86744	
53113	87722	
52660	87269	
54039	88648	
52675	87284	
49220	83829	
49194	83803	
48572	83181	
51590	86199	
48761	83370	
49080	83689	
49472	84081	
50187	84796	
51715	86324	
52090	86699	
52183	86792	
54396	89005	
48576	83185	
52348	86957	
52740	87349	
53267	87876	
49245	83854	
53733	88342	
53298	87907	
52412	87021	
52711	87320	
52399	87008	
54017	88626	
48758	83367	
49674	84283	
49852	84461	
50422	85031	
51608	86217	
52368	86977	
54162	88771	
54041	88650	
50506	85115	
53788	88397	
49829	84438	
52428	87037	
52829	87438	
53803	88412	
54392	89001	
53660	88269	
53891	88500	
53257	87866	
51710	86319	
49835	84444	
48625	83234	
49468	84077	
51271	85880	
52904	87513	
51280	85889	
48660	83269	a
48746	83355	a
48800	83409	a
48827	83436	a
48915	83524	a
48946	83555	a
48988	83597	a
49006	83615	a
49129	83738	a
49154	83763	a
49161	83770	a
49186	83795	a
49249	83858	a
49379	83988	a
49431	84040	a
49731	84340	a
49784	84393	a
49848	84457	a
49868	84477	a
49919	84528	a
49920	84529	a
50396	85005	a
50420	85029	a
50477	85086	a
50613	85222	a
50655	85264	a
50763	85372	a
50820	85429	a
50827	85436	a
50837	85446	a
50979	85588	a
51198	85807	a
51216	85825	a
51242	85851	a
51244	85853	a
51258	85867	a
51269	85878	a
51278	85887	a
51365	85974	a
51415	86024	a
51500	86109	a
51798	86407	a
51965	86574	a
52003	86612	a
52014	86623	a
52028	86637	a
52168	86777	a
52239	86848	a
52243	86852	a
52251	86860	a
52315	86924	a
52329	86938	a
52339	86948	a
52360	86969	a
52450	87059	a
52512	87121	a
52605	87214	a
52658	87267	a
52667	87276	a
52673	87282	a
52881	87490	a
52883	87492	a
53146	87755	a
53232	87841	a
53290	87899	a
53319	87928	a
53368	87977	a
53381	87990	a
53464	88073	a
53519	88128	a
53596	88205	a
53801	88410	a
53887	88496	a
53915	88524	a
54037	88646	a
54329	88938	a
54387	88996	a
52476	87085	
50166	84775	abrir
52468	87077	abrir
52701	87310	abrir
49475	84084	absurdo
50003	84612	acabar
49670	84279	acceso
53518	88127	acceso
52391	87000	accidentar
50308	84917	accionar
53866	88475	acertar
51162	85771	
51492	86101	
51414	86023	acorde
50911	85520	actividad
54010	88619	actividad
50072	84681	actualizar
50885	85494	acordar
51285	85894	acordar
49663	84272	
52804	87413	adecuación
53217	87826	adecuar
54272	88881	adecuar
54328	88937	adecuar
51187	85796	adecuar
53289	87898	adecuar
48913	83522	adecuar
50891	85500	adema
53005	87614	adicional
50095	84704	adicionar
49812	84421	
51805	86414	
53414	88023	adulto
49148	83757	advertir
52155	86764	
52811	87420	afluencia
48912	83521	aforar
51191	85800	aforar
53593	88202	aforar
51907	86516	agencia
49717	84326	
48831	83440	agilidad
53054	87663	agilidad
52996	87605	agilizar
50517	85126	agradable
52325	86934	agregar
49339	83948	agua
50581	85190	agua
51123	85732	agua
51512	86121	agua
51584	86193	agua
51757	86366	agua
52402	87011	agua
52433	87042	agua
52463	87072	agua
52925	87534	agua
53524	88133	agua
53577	88186	agua
53583	88192	agua
53588	88197	agua
53850	88459	agua
52626	87235	ahora
52838	87447	ahorrador
49259	83868	ahí
51971	86580	ahí
53737	88346	ahí
48753	83362	a+el
48760	83369	a+el
49158	83767	a+el
49198	83807	a+el
49295	83904	a+el
49313	83922	a+el
49315	83924	a+el
49834	84443	a+el
50062	84671	a+el
50447	85056	a+el
50939	85548	a+el
50960	85569	a+el
50975	85584	a+el
50992	85601	a+el
51026	85635	a+el
51046	85655	a+el
51572	86181	a+el
52141	86750	a+el
52154	86763	a+el
52199	86808	a+el
52792	87401	a+el
53015	87624	a+el
53426	88035	a+el
53481	88090	a+el
53510	88119	a+el
53884	88493	a+el
53925	88534	a+el
54023	88632	a+el
54358	88967	a+el
49895	84504	albornoz
52385	86994	alcohol
51402	86011	
49035	83644	
51076	85685	alfombra
51129	85738	algo
51888	86497	algo
51989	86598	algo
52440	87049	alguien
53369	87978	alguien
53512	88121	
50910	85519	alguno
50307	84916	alguno
49962	84571	alguno
52340	86949	alguno
48711	83320	
48929	83538	
48981	83590	
48995	83604	
49274	83883	
49425	84034	
49546	84155	
49858	84467	
50250	84859	
50615	85224	
50677	85286	
50840	85449	
50949	85558	
51431	86040	
51484	86093	
51730	86339	
52102	86711	
52645	87254	
53489	88098	
49016	83625	
51386	85995	alimento
53004	87613	alimento
54229	88838	alimento
48718	83327	
53370	87979	
52898	87507	almohada
48640	83249	almorzar
49558	84167	almorzar
50847	85456	almorzar
49362	83971	alojar
52906	87515	alojar
53318	87927	alojar
53367	87976	alojar
49248	83857	
53504	88113	alquiler
53523	88132	alta
49966	84575	
48766	83375	alto
50735	85344	alto
52165	86774	alto
52640	87249	alto
53326	87935	alto
48671	83280	alto
50423	85032	
52661	87270	
54274	88883	
50835	85444	amable
51880	86489	amable
52846	87455	amable
49541	84150	
51154	85763	ambientar
51667	86276	ambientar
53324	87933	ambientar
50351	84960	
49685	84294	ampliar
53066	87675	ampliar
49595	84204	amplio
49694	84303	amplio
52490	87099	anterior
49598	84207	antes
49616	84225	antes
50945	85554	antes
51345	85954	antes
49839	84448	
49443	84052	antideslizante
50426	85035	antideslizante
48920	83529	antiguar
51760	86369	
52264	86873	
54036	88645	apagar
54122	88731	apariencia
48731	83340	
52021	86630	araña
50152	84761	
51043	85652	
53169	87778	
50486	85095	armario
52865	87474	
49409	84018	
51458	86067	arreglar
51747	86356	arreglar
52480	87089	arreglar
54081	88690	arreglar
54129	88738	arreglar
51661	86270	arrojar
50069	84678	
49604	84213	
54200	88809	
53797	88406	ascensor
49730	84339	asear
51553	86162	asear
48666	83275	
48781	83390	
49606	84215	
52389	86998	
54145	88754	
49611	84220	aspecto
50277	84886	asqueroso
50289	84898	asqueroso
48564	83173	
48700	83309	
48716	83325	
48799	83408	
49119	83728	
49297	83906	
49552	84161	
49939	84548	
49995	84604	
50098	84707	
50407	85016	
50647	85256	
51020	85629	
51100	85709	
51733	86342	
52198	86807	
53087	87696	
53574	88183	
53609	88218	
53820	88429	
54266	88875	
49969	84578	atender
51797	86406	atender
52664	87273	atender
52680	87289	atender
53095	87704	atender
52307	86916	atento
53808	88417	atento
54006	88615	atender
50813	85422	atender
50818	85427	atender
52314	86923	
54321	88930	aumentar
50083	84692	aunque
53958	88567	auto
48681	83290	autoridad
48836	83445	autoservicio
49276	83885	autoservicio
49713	84322	autoservicio
53617	88226	autoservicio
52880	87489	avenir
51166	85775	avisar
50429	85038	avisar
51186	85795	avisar
52274	86883	ayer
48771	83380	añadir
50542	85151	año
49853	84462	año
50188	84797	año
49401	84010	
50462	85071	
50255	84864	bailar
49885	84494	baja
51696	86305	baja
52430	87039	baja
52810	87419	baja
54295	88904	baja
51257	85866	bajar
51688	86297	bajar
53507	88116	bajar
50169	84778	
52902	87511	
49723	84332	balneario
50792	85401	balneario
53511	88120	balneario
48901	83510	balneario
50718	85327	
53933	88542	
52793	87402	
52007	86616	bar
52868	87477	bar
52923	87532	bar
53275	87884	bar
53620	88229	bar
54269	88878	bar
54135	88744	
50243	84852	basura
51478	86087	basura
51662	86271	basura
50499	85108	basurero
48598	83207	bañera
48857	83466	bañar
49041	83650	bañar
49455	84064	bañar
49501	84110	bañar
49638	84247	bañar
49699	84308	bañar
50145	84754	bañar
50219	84828	bañar
50373	84982	bañar
50474	85083	bañar
51126	85735	bañar
51508	86117	bañar
51625	86234	bañar
51751	86360	bañar
52289	86898	bañar
52913	87522	bañar
53139	87748	bañar
53392	88001	bañar
53533	88142	bañar
53689	88298	bañar
53695	88304	bañar
53743	88352	bañar
53843	88452	bañar
54119	88728	bañar
54293	88902	bañar
54364	88973	bañar
48739	83348	baño
48785	83394	baño
49032	83641	baño
49356	83965	baño
49397	84006	baño
49473	84082	baño
49499	84108	baño
49736	84345	baño
49946	84555	baño
50102	84711	baño
50636	85245	baño
51081	85690	baño
51165	85774	baño
51534	86143	baño
51539	86148	baño
51716	86325	baño
52685	87294	baño
53122	87731	baño
53818	88427	baño
54231	88840	
50691	85300	
50460	85069	beber
51388	85997	beber
51401	86010	beber
51651	86260	beber
52331	86940	beber
50278	84887	bicho
49928	84537	bien
50710	85319	bien
51829	86438	bien
52431	87040	bien
53826	88435	bien
54048	88657	bien
50601	85210	bienestar
52400	87009	
53938	88547	
50768	85377	
49493	84102	bolsa
49748	84357	bolsa
52836	87445	bombillo
49569	84178	bonito
48657	83266	bonito
48729	83338	bonito
49645	84254	bonito
50770	85379	bordar
50774	85383	
48694	83303	bueno
51004	85613	bueno
48706	83315	bueno
50296	84905	bueno
50649	85258	bueno
51098	85707	bueno
52038	86647	bueno
50035	84644	bueno
50905	85514	
48698	83307	bueno
49769	84378	bueno
50161	84770	bueno
50672	85281	bueno
50679	85288	bueno
51637	86246	bueno
51713	86322	bueno
51773	86382	bueno
51875	86484	bueno
51980	86589	bueno
51986	86595	bueno
52067	86676	bueno
52178	86787	bueno
52283	86892	bueno
52479	87088	bueno
52569	87178	bueno
52823	87432	bueno
52853	87462	bueno
53379	87988	bueno
54353	88962	bueno
48783	83392	bueno
48871	83480	buffet
49021	83630	buffet
49575	84184	buffet
51486	86095	
53746	88355	bulla
51213	85822	buscar
53164	87773	buscar
53065	87674	c
51616	86225	cabaña
52260	86869	cabaña
50973	85582	cabaña
51013	85622	cabaña
53374	87983	cabaña
51999	86608	cabellar
53443	88052	cabeza
53990	88599	cable
50541	85150	cada
50921	85530	cada
51314	85923	cada
49337	83946	caer
52398	87007	caer
49861	84470	café
49918	84527	café
52150	86759	café
52958	87567	
53176	87785	
48775	83384	
49262	83871	caja
52074	86683	caja
52703	87312	caja
53628	88237	caja
50573	85182	
49863	84472	calar
52068	86677	
53559	88168	
52461	87070	calentador
53869	88478	calentador
49530	84139	calidad
50056	84665	calidad
52543	87152	calidad
53897	88506	calidad
51513	86122	calentar
52403	87012	calentar
53578	88187	calentar
53851	88460	calentar
49967	84576	calificar
50024	84633	cama
52728	87337	cama
53430	88039	cama
54320	88929	cama
52758	87367	camarero
50569	85178	cama
52236	86845	cama
51311	85920	cambiar
50377	84986	cambiar
49632	84241	cambiar
50339	84948	cambiar
50518	85127	cambiar
51074	85683	cambiar
51975	86584	cambiar
52483	87092	cambiar
52751	87360	cambiar
53692	88301	cambiar
53706	88315	cambiar
54166	88775	
53793	88402	
53419	88028	
49300	83909	cambiar
49601	84210	cambiar
48894	83503	cambio
50020	84629	camilla
50623	85232	camilla
50765	85374	caminata
49359	83968	cantidad
52573	87182	capilar
50443	85052	
53946	88555	cara
48809	83418	
50360	84969	cargador
51937	86546	carne
49865	84474	caro
49926	84535	caro
50047	84656	caro
50568	85177	caro
48990	83599	carta
49786	84395	carta
49870	84479	carta
53049	87658	carta
53857	88466	carta
50984	85593	casa
51000	85609	casa
51421	86030	casa
53282	87891	casa
48952	83561	
52267	86876	cascada
51762	86371	cascada
52229	86838	casi
53871	88480	casi
51702	86311	caso
48967	83576	
53769	88378	
53675	88284	causa
53447	88056	
53541	88150	celular
51247	85856	cena
49430	84039	cerca
54317	88926	cerca
51571	86180	cercano
49649	84258	cerrar
53750	88359	certero
51583	86192	cerveza
51727	86336	chaqueta
50811	85420	chico
51946	86555	
53449	88058	
53561	88170	chimenea
49026	83635	chorizo
50617	85226	chorizo
53130	87739	chorizo
53461	88070	chorro
51952	86561	chorro
52936	87545	chorro
48955	83564	churrasco
51181	85790	cerrar
48899	83508	cerrar
53185	87794	cierto
50200	84809	cigarrillo
52982	87591	cinta
54007	88616	circular
54291	88900	
53098	87707	claro
53292	87901	clase
48885	83494	cliente
50399	85008	cliente
50448	85057	cliente
50879	85488	cliente
51027	85636	cliente
51047	85656	cliente
53016	87625	cliente
53080	87689	cliente
53885	88494	cliente
50526	85135	cliente
50877	85486	cliente
51800	86409	cliente
54092	88701	cliente
48947	83556	cloro
51566	86175	
52900	87509	cobija
52611	87220	cobrar
49108	83717	cobrar
51962	86571	cobrar
49704	84313	cobrar
49916	84525	cobrar
52138	86747	cobro
54376	88985	cocina
49304	83913	cocktail
49224	83833	
50203	84812	coherente
51808	86417	colaborador
53220	87829	colada
53235	87844	colada
51379	85988	colchón
52209	86818	colchón
53053	87662	colchón
49037	83646	colgar
50491	85100	colgar
51723	86332	colgar
53644	88253	colgar
49308	83917	colocar
49441	84050	colocar
49450	84059	colocar
49982	84591	colocar
50498	85107	colocar
51131	85740	colocar
51549	86158	colocar
51882	86491	colocar
51996	86605	colocar
53534	88143	colocar
53700	88309	colocar
53536	88145	colombiano
52207	86816	coma
53569	88178	comedor
51259	85868	comer
48804	83413	comedir
48882	83491	comedir
48996	83605	comedir
49365	83974	comedir
49783	84392	comedir
50017	84626	comedir
50041	84650	comedir
50049	84658	comedir
50379	84988	comedir
50469	85078	comedir
50554	85163	comedir
50849	85458	comedir
51096	85705	comedir
51107	85716	comedir
51267	85876	comedir
51290	85899	comedir
51375	85984	comedir
51556	86165	comedir
51649	86258	comedir
51835	86444	comedir
52162	86771	comedir
52195	86804	comedir
52620	87229	comedir
52628	87237	comedir
52693	87302	comedir
52922	87531	comedir
53043	87652	comedir
53145	87754	comedir
53151	87760	comedir
53719	88328	comedir
53895	88504	comedir
53901	88510	comedir
54190	88799	comedir
54418	89027	comedir
49710	84319	comedir
49913	84522	comedir
50074	84683	comedir
51531	86140	comedir
52646	87255	comedir
53859	88468	comedir
53998	88607	comedir
54218	88827	comedir
48635	83244	comer
49282	83891	comer
49586	84195	comer
49596	84205	comer
49614	84223	comer
51010	85619	comer
51173	85782	comer
51214	85823	comer
51491	86100	comer
51582	86191	comer
51685	86294	comer
51814	86423	comer
52146	86755	comer
52148	86757	comer
52577	87186	comer
52818	87427	comer
53333	87942	comer
50956	85565	
53406	88015	
52538	87147	compensar
50515	85124	completar
53286	87895	completar
53503	88112	complicar
49910	84519	complicar
49726	84335	compra
51161	85770	comprar
50788	85397	comprar
52583	87192	comunicación
53498	88107	comunicación
48854	83463	con
48860	83469	con
48951	83560	con
49061	83670	con
49068	83677	con
49135	83744	con
49284	83893	con
49306	83915	con
49676	84285	con
49822	84431	con
49830	84439	con
49832	84441	con
50060	84669	con
50204	84813	con
50249	84858	con
50634	85243	con
50773	85382	con
50776	85385	con
50781	85390	con
50825	85434	con
50842	85451	con
50872	85481	con
50912	85521	con
50948	85557	con
51229	85838	con
51511	86120	con
51811	86420	con
51833	86442	con
51837	86446	con
51905	86514	con
52308	86917	con
52439	87048	con
52528	87137	con
52741	87350	con
52910	87519	con
53028	87637	con
53059	87668	con
53062	87671	con
53211	87820	con
53274	87883	con
53300	87909	con
53314	87923	con
53444	88053	con
53656	88265	con
53761	88370	con
53940	88549	con
54008	88617	con
54074	88683	con
54195	88804	con
54326	88935	con
49528	84137	condicionar
50359	84968	conectar
53380	87989	conexión
52043	86652	confortar
51069	85678	congelar
53930	88539	
54254	88863	conseguir
51664	86273	conservar
49422	84031	considerar
49684	84293	considerar
52959	87568	considerar
53363	87972	considerar
49028	83637	considerar
50829	85438	considerar
52030	86639	considerar
54398	89007	considerar
52944	87553	
53238	87847	consumar
53221	87830	consumir
49305	83914	consumir
50724	85333	consumir
51648	86257	consumir
50198	84807	consumar
52383	86992	consumar
54227	88836	consumar
51510	86119	contar
52435	87044	contactar
50633	85242	contar
53120	87729	contar
49201	83810	contestar
50841	85450	continuar
51912	86521	
48683	83292	contratar
48678	83287	control
54076	88685	control
54323	88932	control
50245	84854	conveniente
50778	85387	convenio
52459	87068	convenio
50785	85394	
50783	85392	cooperativa
49141	83750	copa
48813	83422	copete
51844	86453	copia
51865	86474	copia
49183	83792	cordial
53587	88196	correr
49176	83785	correcto
50819	85428	
54245	88854	
51858	86467	correcto
53263	87872	cortado
52578	87187	
50285	84894	cortina
51973	86582	cortina
53350	87959	cortina
50233	84842	cortina
53693	88302	cortina
53228	87837	cortar
49208	83817	cosa
53778	88387	cosa
52159	86768	costo
49280	83889	costoso
49859	84468	costoso
49291	83900	costoso
53771	88380	
52840	87449	crear
48652	83261	
50593	85202	crear
48724	83333	cual
50181	84790	cual
53191	87800	cual
52954	87563	cualquiera
48898	83507	cuando
49019	83628	cuando
49724	84333	cuando
50357	84966	cuando
50695	85304	cuando
51167	85776	cuando
51253	85862	cuando
51303	85912	cuando
51320	85929	cuando
51368	85977	cuando
52509	87118	cuando
52593	87202	cuando
52777	87386	cuando
53006	87615	cuando
53550	88159	cuando
53723	88332	cuando
53758	88367	cuando
50896	85505	cuanto
53480	88089	cuanto
50437	85046	4
51444	86053	4
52739	87348	4
52828	87437	4
52909	87518	4
53385	87994	4
53651	88260	4
49392	84001	4
49671	84280	4
49942	84551	4
50264	84873	4
51460	86069	4
52500	87109	4
54159	88768	cubano
53115	87724	cucaracha
53313	87922	contar
53458	88067	contar
51832	86441	cuidado
51925	86534	cumplir
53299	87908	cumplir
49691	84300	caber
52604	87213	cupón
51196	85805	cómo
49742	84351	dar
52041	86650	dar
54120	88729	dar
48584	83193	dar
49133	83742	dar
50754	85363	dar
51383	85992	dar
51400	86009	dar
53074	87683	dar
52381	86990	
51231	85840	dato
53632	88241	dañar
49565	84174	dañar
50868	85477	dañar
52338	86947	dañar
48573	83182	de
48575	83184	de
48619	83228	de
48624	83233	de
48626	83235	de
48689	83298	de
48713	83322	de
48755	83364	de
48776	83385	de
48798	83407	de
48810	83419	de
48823	83432	de
48887	83496	de
48902	83511	de
48911	83520	de
48933	83542	de
48973	83582	de
48994	83603	de
49040	83649	de
49053	83662	de
49075	83684	de
49116	83725	de
49123	83732	de
49132	83741	de
49169	83778	de
49184	83793	de
49227	83836	de
49240	83849	de
49255	83864	de
49263	83872	de
49287	83896	de
49301	83910	de
49341	83950	de
49360	83969	de
49390	83999	de
49395	84004	de
49447	84056	de
49463	84072	de
49505	84114	de
49574	84183	de
49584	84193	de
49590	84199	de
49669	84278	de
49709	84318	de
49739	84348	de
49749	84358	de
49782	84391	de
49818	84427	de
49851	84460	de
49891	84500	de
49917	84526	de
49988	84597	de
49999	84608	de
50057	84666	de
50125	84734	de
50136	84745	de
50170	84779	de
50186	84795	de
50199	84808	de
50207	84816	de
50210	84819	de
50254	84863	de
50321	84930	de
50329	84938	de
50334	84943	de
50342	84951	de
50388	84997	de
50394	85003	de
50408	85017	de
50504	85113	de
50508	85117	de
50512	85121	de
50531	85140	de
50574	85183	de
50583	85192	de
50590	85199	de
50600	85209	de
50609	85218	de
50622	85231	de
50665	85274	de
50675	85284	de
50757	85366	de
50771	85380	de
50784	85393	de
50845	85454	de
50862	85471	de
50875	85484	de
50884	85493	de
50917	85526	de
50925	85534	de
50941	85550	de
51087	85696	de
51101	85710	de
51112	85721	de
51122	85731	de
51158	85767	de
51179	85788	de
51195	85804	de
51209	85818	de
51236	85845	de
51238	85847	de
51282	85891	de
51284	85893	de
51298	85907	de
51323	85932	de
51331	85940	de
51346	85955	de
51385	85994	de
51406	86015	de
51420	86029	de
51468	86077	de
51470	86079	de
51480	86089	de
51540	86149	de
51552	86161	de
51604	86213	de
51614	86223	de
51620	86229	de
51643	86252	de
51645	86254	de
51653	86262	de
51670	86279	de
51697	86306	de
51709	86318	de
51740	86349	de
51766	86375	de
51784	86393	de
51804	86413	de
51866	86475	de
51911	86520	de
51938	86547	de
51950	86559	de
51953	86562	de
51956	86565	de
51992	86601	de
51998	86607	de
52006	86615	de
52075	86684	de
52088	86697	de
52109	86718	de
52139	86748	de
52160	86769	de
52193	86802	de
52234	86843	de
52249	86858	de
52254	86863	de
52258	86867	de
52273	86882	de
52300	86909	de
52310	86919	de
52322	86931	de
52384	86993	de
52393	87002	de
52407	87016	de
52415	87024	de
52447	87056	de
52458	87067	de
52462	87071	de
52467	87076	de
52485	87094	de
52504	87113	de
52526	87135	de
52531	87140	de
52574	87183	de
52588	87197	de
52602	87211	de
52607	87216	de
52613	87222	de
52619	87228	de
52731	87340	de
52752	87361	de
52809	87418	de
52812	87421	de
52869	87478	de
52876	87485	de
52934	87543	de
52937	87546	de
52983	87592	de
52988	87597	de
52998	87607	de
53003	87612	de
53031	87640	de
53035	87644	de
53042	87651	de
53069	87678	de
53084	87693	de
53144	87753	de
53174	87783	de
53209	87818	de
53244	87853	de
53250	87859	de
53261	87870	de
53280	87889	de
53293	87902	de
53334	87943	de
53428	88037	de
53466	88075	de
53477	88086	de
53488	88097	de
53493	88102	de
53515	88124	de
53540	88149	de
53542	88151	de
53592	88201	de
53616	88225	de
53624	88233	de
53659	88268	de
53666	88275	de
53713	88322	de
53718	88327	de
53752	88361	de
53774	88383	de
53782	88391	de
53786	88395	de
53792	88401	de
53799	88408	de
53829	88438	de
53841	88450	de
53858	88467	de
53863	88472	de
53880	88489	de
53898	88507	de
53899	88508	de
53952	88561	de
53969	88578	de
53974	88583	de
53997	88606	de
54058	88667	de
54067	88676	de
54113	88722	de
54130	88739	de
54140	88749	de
54157	88766	de
54215	88824	de
54228	88837	de
54233	88842	de
54238	88847	de
54248	88857	de
54258	88867	de
54318	88927	de
54324	88933	de
54338	88947	de
54340	88949	de
54360	88969	de
54363	88972	de
54368	88977	de
54391	89000	de
54408	89017	de
49470	84079	debe
49592	84201	debe
49608	84217	debe
50451	85060	debe
50661	85270	debe
51327	85936	debe
52437	87046	debe
53840	88449	debe
49210	83819	
48712	83321	deber
49522	84131	deber
49576	84185	deber
49624	84233	deber
50103	84712	deber
51281	85890	deber
52455	87064	deber
53024	87633	deber
53030	87639	deber
49553	84162	
52380	86989	
52686	87295	
53362	87971	
53611	88220	
48876	83485	
48906	83515	
49033	83642	
49793	84402	
50596	85205	
50632	85241	
51461	86070	
51488	86097	
51961	86570	
52261	86870	
52612	87221	
52790	87399	
53119	87728	
52449	87058	deber
49937	84546	debilidad
51160	85769	deber
51687	86296	deber
52805	87414	
54087	88696	
54384	88993	
49126	83735	decepcionante
49170	83779	decir
53196	87805	decir
49314	83923	
50809	85418	deficiente
51188	85797	dejar
54232	88841	dejar
48907	83516	dejar
50603	85212	dejar
52784	87393	dejar
50142	84751	
48567	83176	de+el
48723	83332	de+el
48757	83366	de+el
48835	83444	de+el
48918	83527	de+el
49013	83622	de+el
49098	83707	de+el
49120	83729	de+el
49205	83814	de+el
49223	83832	de+el
49275	83884	de+el
49531	84140	de+el
49537	84146	de+el
49580	84189	de+el
49635	84244	de+el
49767	84376	de+el
49797	84406	de+el
49963	84572	de+el
50099	84708	de+el
50139	84748	de+el
50157	84766	de+el
50372	84981	de+el
50398	85007	de+el
50411	85020	de+el
50528	85137	de+el
50653	85262	de+el
50658	85267	de+el
50807	85416	de+el
50869	85478	de+el
51058	85667	de+el
51306	85915	de+el
51334	85943	de+el
51507	86116	de+el
51750	86359	de+el
51845	86454	de+el
51921	86530	de+el
51983	86592	de+el
52010	86619	de+el
52034	86643	de+el
52118	86727	de+el
52130	86739	de+el
52134	86743	de+el
52367	86976	de+el
52372	86981	de+el
52417	87026	de+el
52441	87050	de+el
52544	87153	de+el
52597	87206	de+el
52652	87261	de+el
52827	87436	de+el
53050	87659	de+el
53079	87688	de+el
53329	87938	de+el
53331	87940	de+el
53358	87967	de+el
53532	88141	de+el
53603	88212	de+el
53614	88223	de+el
53619	88228	de+el
53688	88297	de+el
53694	88303	de+el
54011	88620	de+el
54028	88637	de+el
54093	88702	de+el
54118	88727	de+el
54292	88901	de+el
54309	88918	de+el
50620	85229	delicioso
51896	86505	
51587	86196	
50728	85337	demasiado
50854	85463	demasiado
51143	85752	demasiado
50106	84715	demasiado
48939	83548	demora
49802	84411	demora
52153	86762	demora
53566	88175	demora
53089	87698	demorar
50682	85291	demorar
54001	88610	demorar
49788	84397	demorar
52862	87471	dar
51652	86261	dentro
53751	88360	dentro
51479	86088	depositar
51915	86524	
54395	89004	desagradable
50224	84833	
51749	86358	
52406	87015	
52716	87325	
48853	83462	desasear
49563	84172	desastre
48609	83218	desayunar
48614	83223	desayunar
48867	83476	desayunar
49025	83634	desayunar
49087	83696	desayunar
49099	83708	desayunar
49532	84141	desayunar
49560	84169	desayunar
49581	84190	desayunar
49591	84200	desayunar
49620	84229	desayunar
50520	85129	desayunar
50659	85268	desayunar
50846	85455	desayunar
51984	86593	desayunar
52995	87604	desayunar
53137	87746	desayunar
53607	88216	desayunar
52561	87170	desayuno
54383	88992	desayuno
49009	83618	
50890	85499	descontar
52166	86775	descontar
51145	85754	desde
53937	88546	desde
49204	83813	
51914	86523	
52328	86937	
49347	83956	deslizar
48648	83257	desmejorar
51300	85909	desmejorar
51336	85945	desmejorar
49761	84370	desmejorar
51482	86091	desorganizar
48834	83443	despachar
52474	87083	desperdiciar
51009	85618	desplazamiento
52682	87291	despostar
52748	87357	desprogramar
52516	87125	desprogramar
51208	85817	
52321	86930	
52466	87075	
52364	86973	destapar
50209	84818	destinar
50286	84895	destruir
50699	85308	deteriorar
48647	83256	deteriorar
49804	84413	devolver
48571	83180	
49193	83802	
49219	83828	
49798	84407	
51589	86198	
52272	86881	
52770	87379	
54101	88710	
51390	85999	
50513	85122	diario
49081	83690	
51609	86218	
54393	89002	
53729	88338	dar
54356	88965	dar
48938	83547	
50122	84731	
54251	88860	
49519	84128	dificultar
48685	83294	dificultad
51639	86248	dificultad
50638	85247	decir
51264	85873	decir
51250	85859	decir
49317	83926	decir
51810	86419	diligente
49806	84415	dinero
48642	83251	dar
53944	88553	dar
52584	87193	directo
49666	84275	discapacitado
52979	87588	discapacitado
50418	85027	discapacitado
53417	88026	discapacitado
53949	88558	disculpa
49412	84021	diseñar
49534	84143	disminuir
50397	85006	
53862	88471	disponibilidad
51051	85660	disponible
51344	85953	disponible
53408	88017	disponible
53202	87811	disponible
50146	84755	disponer
49440	84049	divino
54303	88912	doblar
51868	86477	documentar
49067	83676	don
48603	83212	donde
49269	83878	donde
49336	83945	donde
50739	85348	donde
51548	86157	donde
53643	88252	donde
53672	88281	
54013	88622	dormir
53438	88047	
50143	84752	dormir
54021	88630	dormir
54047	88656	dormir
50635	85244	do
52755	87364	do
53121	87730	do
53259	87868	do
53917	88526	do
54082	88691	do
51163	85772	dotar
52801	87410	
48748	83357	ducha
48859	83468	ducha
48925	83534	ducha
49448	84057	ducha
49879	84488	ducha
50091	84700	ducha
50227	84836	ducha
50283	84892	ducha
50578	85187	ducha
50585	85194	ducha
50642	85251	ducha
50752	85361	ducha
51113	85722	ducha
51735	86344	ducha
52351	86960	ducha
52409	87018	ducha
52424	87033	ducha
52496	87105	ducha
52719	87328	ducha
52856	87465	ducha
52894	87503	ducha
52965	87574	ducha
52969	87578	ducha
53197	87806	ducha
53682	88291	ducha
53704	88313	ducha
54304	88913	ducha
52255	86864	
48914	83523	ducha
50096	84705	ducha
51392	86001	ducha
51886	86495	ducha
52053	86662	ducha
52242	86851	ducha
53854	88463	ducha
53968	88577	ducha
54106	88715	ducha
51518	86127	
51942	86551	durar
54151	88760	durante
54161	88770	durante
48956	83565	durar
51065	85674	durar
52211	86820	duro
53824	88433	e
51945	86554	echar
49757	84366	
52539	87148	
51433	86042	
54180	88789	educar
49403	84012	efectivo
53710	88319	efectivo
48897	83506	efectuar
50004	84613	
48570	83179	el
48591	83200	el
48605	83214	el
48608	83217	el
48613	83222	el
48687	83296	el
48693	83302	el
48720	83329	el
48833	83442	el
48856	83465	el
48866	83475	el
48873	83482	el
48878	83487	el
48949	83558	el
48954	83563	el
48960	83569	el
48992	83601	el
49024	83633	el
49066	83675	el
49083	83692	el
49086	83695	el
49096	83705	el
49192	83801	el
49215	83824	el
49218	83827	el
49238	83847	el
49292	83901	el
49327	83936	el
49338	83947	el
49367	83976	el
49373	83982	el
49384	83993	el
49400	84009	el
49411	84020	el
49438	84047	el
49451	84060	el
49454	84063	el
49477	84086	el
49485	84094	el
49500	84109	el
49542	84151	el
49557	84166	el
49559	84168	el
49578	84187	el
49588	84197	el
49619	84228	el
49637	84246	el
49673	84282	el
49698	84307	el
49705	84314	el
49707	84316	el
49712	84321	el
49722	84331	el
49752	84361	el
49762	84371	el
49765	84374	el
49779	84388	el
49805	84414	el
49866	84475	el
49874	84483	el
49886	84495	el
49902	84511	el
49915	84524	el
49934	84543	el
49957	84566	el
49970	84579	el
50011	84620	el
50030	84639	el
50144	84753	el
50151	84760	el
50173	84782	el
50193	84802	el
50197	84806	el
50205	84814	el
50213	84822	el
50218	84827	el
50229	84838	el
50281	84890	el
50313	84922	el
50315	84924	el
50327	84936	el
50363	84972	el
50479	85088	el
50482	85091	el
50495	85104	el
50501	85110	el
50510	85119	el
50519	85128	el
50663	85272	el
50668	85277	el
50673	85282	el
50701	85310	el
50717	85326	el
50732	85341	el
50747	85356	el
50777	85386	el
50791	85400	el
50804	85413	el
50843	85452	el
50867	85476	el
50889	85498	el
51042	85651	el
51103	85712	el
51125	85734	el
51133	85742	el
51153	85762	el
51177	85786	el
51296	85905	el
51338	85947	el
51443	86052	el
51450	86059	el
51497	86106	el
51505	86114	el
51525	86134	el
51565	86174	el
51588	86197	el
51624	86233	el
51633	86242	el
51665	86274	el
51683	86292	el
51748	86357	el
51756	86365	el
51794	86403	el
51876	86485	el
51909	86518	el
51932	86541	el
51948	86557	el
51963	86572	el
51977	86586	el
51981	86590	el
52096	86705	el
52115	86724	el
52149	86758	el
52175	86784	el
52224	86833	el
52271	86880	el
52279	86888	el
52288	86897	el
52309	86918	el
52382	86991	el
52395	87004	el
52405	87014	el
52432	87041	el
52489	87098	el
52535	87144	el
52540	87149	el
52571	87180	el
52586	87195	el
52616	87225	el
52637	87246	el
52650	87259	el
52707	87316	el
52715	87324	el
52746	87355	el
52769	87378	el
52835	87444	el
52842	87451	el
52867	87476	el
52994	87603	el
53013	87622	el
53060	87669	el
53067	87676	el
53082	87691	el
53099	87708	el
53136	87745	el
53138	87747	el
53168	87777	el
53179	87788	el
53212	87821	el
53301	87910	el
53304	87913	el
53315	87924	el
53323	87932	el
53356	87965	el
53384	87993	el
53391	88000	el
53410	88019	el
53460	88069	el
53486	88095	el
53491	88100	el
53517	88126	el
53527	88136	el
53538	88147	el
53553	88162	el
53568	88177	el
53585	88194	el
53606	88215	el
53622	88231	el
53650	88259	el
53676	88285	el
53707	88316	el
53711	88320	el
53742	88351	el
53822	88431	el
53932	88541	el
53950	88559	el
53992	88601	el
54031	88640	el
54056	88665	el
54072	88681	el
54075	88684	el
54100	88709	el
54108	88717	el
54128	88737	el
54198	88807	el
54213	88822	el
54222	88831	el
54226	88835	el
54267	88876	el
54268	88877	el
54276	88885	el
54282	88891	el
54322	88931	el
54336	88945	el
54411	89020	el
54414	89023	el
50310	84919	
51132	85741	elemento
51815	86424	él
52192	86801	
50023	84632	
54196	88805	empanada
51226	85835	empleado
53684	88293	empozar
51821	86430	empresa
48701	83310	en
48709	83318	en
48740	83349	en
48786	83395	en
48832	83441	en
48843	83452	en
48865	83474	en
48870	83479	en
48963	83572	en
48979	83588	en
49023	83632	en
49030	83639	en
49046	83655	en
49082	83691	en
49095	83704	en
49113	83722	en
49139	83748	en
49214	83823	en
49232	83841	en
49326	83935	en
49334	83943	en
49351	83960	en
49366	83975	en
49383	83992	en
49410	84019	en
49444	84053	en
49453	84062	en
49460	84069	en
49484	84093	en
49488	84097	en
49502	84111	en
49515	84124	en
49556	84165	en
49602	84211	en
49655	84264	en
49672	84281	en
49687	84296	en
49697	84306	en
49711	84320	en
49721	84330	en
49826	84435	en
49840	84449	en
49938	84547	en
49940	84549	en
49944	84553	en
49985	84594	en
49996	84605	en
50015	84624	en
50115	84724	en
50150	84759	en
50154	84763	en
50192	84801	en
50215	84824	en
50220	84829	en
50225	84834	en
50234	84843	en
50257	84866	en
50266	84875	en
50271	84880	en
50280	84889	en
50309	84918	en
50323	84932	en
50386	84995	en
50436	85045	en
50453	85062	en
50464	85073	en
50487	85096	en
50500	85109	en
50560	85169	en
50626	85235	en
50643	85252	en
50667	85276	en
50716	85325	en
50719	85328	en
50850	85459	en
50900	85509	en
50906	85515	en
50983	85592	en
51011	85620	en
51037	85646	en
51041	85650	en
51055	85664	en
51114	85723	en
51124	85733	en
51152	85761	en
51169	85778	en
51361	85970	en
51370	85979	en
51393	86002	en
51403	86012	en
51496	86105	en
51524	86133	en
51529	86138	en
51535	86144	en
51564	86173	en
51568	86177	en
51592	86201	en
51611	86220	en
51623	86232	en
51632	86241	en
51640	86249	en
51682	86291	en
51693	86302	en
51704	86313	en
51718	86327	en
51736	86345	en
51780	86389	en
51819	86428	en
51872	86481	en
51884	86493	en
51931	86540	en
52017	86626	en
52054	86663	en
52059	86668	en
52062	86671	en
52069	86678	en
52085	86694	en
52174	86783	en
52217	86826	en
52297	86906	en
52342	86951	en
52345	86954	en
52386	86995	en
52422	87031	en
52426	87035	en
52497	87106	en
52546	87155	en
52552	87161	en
52559	87168	en
52564	87173	en
52643	87252	en
52683	87292	en
52706	87315	en
52714	87323	en
52717	87326	en
52726	87335	en
52733	87342	en
52754	87363	en
52767	87376	en
52781	87390	en
52796	87405	en
52807	87416	en
52857	87466	en
52866	87475	en
52907	87516	en
52915	87524	en
52920	87529	en
52927	87536	en
52931	87540	en
52940	87549	en
52956	87565	en
52970	87579	en
52985	87594	en
52991	87600	en
53000	87609	en
53009	87618	en
53047	87656	en
53055	87664	en
53071	87680	en
53081	87690	en
53110	87719	en
53135	87744	en
53167	87776	en
53184	87793	en
53203	87812	en
53222	87831	en
53239	87848	en
53295	87904	en
53343	87952	en
53345	87954	en
53366	87975	en
53383	87992	en
53390	87999	en
53396	88005	en
53409	88018	en
53457	88066	en
53472	88081	en
53479	88088	en
53490	88099	en
53521	88130	en
53526	88135	en
53552	88161	en
53562	88171	en
53567	88176	en
53579	88188	en
53584	88193	en
53601	88210	en
53605	88214	en
53649	88258	en
53702	88311	en
53720	88329	en
53756	88365	en
53816	88425	en
53821	88430	en
53831	88440	en
53833	88442	en
53837	88446	en
53844	88453	en
53852	88461	en
53870	88479	en
53904	88513	en
53919	88528	en
53931	88540	en
53960	88569	en
53966	88575	en
53978	88587	en
53984	88593	en
53994	88603	en
54014	88623	en
54052	88661	en
54064	88673	en
54110	88719	en
54148	88757	en
54212	88821	en
54221	88830	en
54311	88920	en
54374	88983	en
54381	88990	en
53376	87985	encantar
49239	83848	encargado
50799	85408	encontrar
52020	86629	encontrar
48931	83540	
49492	84101	
50167	84776	ene
49513	84122	
53766	88375	engañoso
54285	88894	
50814	85423	
52335	86944	enterar
52771	87380	enterar
50859	85468	entender
51863	86472	entrada
50789	85398	entrada
51147	85756	entrar
48908	83517	entrar
51374	85983	entrar
52585	87194	entrar
51355	85964	
49222	83831	entrega
51235	85844	entrega
51642	86251	entrega
53476	88085	entrega
53798	88407	entrega
53655	88264	entregar
53105	87714	entregar
48850	83459	entregar
52999	87608	entrega
49976	84585	entrenamiento
52808	87417	
53305	87914	
53285	87894	equipamiento
53025	87634	equipar
48568	83177	equipar
50292	84901	equipar
48654	83263	era
49017	83626	era
49020	83629	era
49597	84206	era
49615	84224	era
50153	84762	era
50275	84884	era
50968	85577	era
51268	85877	era
51277	85886	era
51301	85910	era
52491	87100	era
52623	87232	era
53763	88372	
48565	83174	ser
48704	83313	ser
48727	83336	ser
48750	83359	ser
48764	83373	ser
48838	83447	ser
49056	83665	ser
49230	83839	ser
49252	83861	ser
49277	83886	ser
49508	84117	ser
49561	84170	ser
49755	84364	ser
49800	84409	ser
49948	84557	ser
49950	84559	ser
49965	84574	ser
50064	84673	ser
50071	84680	ser
50092	84701	ser
50121	84730	ser
50160	84769	ser
50162	84771	ser
50165	84774	ser
50318	84927	ser
50400	85009	ser
50522	85131	ser
50548	85157	ser
50671	85280	ser
50853	85462	ser
50931	85540	ser
50954	85563	ser
50990	85599	ser
51002	85611	ser
51084	85693	ser
51142	85751	ser
51174	85783	ser
51600	86209	ser
51672	86281	ser
51739	86348	ser
51759	86368	ser
51857	86466	ser
52036	86645	ser
52163	86772	ser
52181	86790	ser
52226	86835	ser
52290	86899	ser
52363	86972	ser
52630	87239	ser
52654	87263	ser
52787	87396	ser
52832	87441	ser
52837	87446	ser
52844	87453	ser
52895	87504	ser
52966	87575	ser
53088	87697	ser
53126	87735	ser
53195	87804	ser
53215	87824	ser
53254	87863	ser
53400	88009	ser
53678	88287	ser
53690	88299	ser
53739	88348	ser
53764	88373	ser
53768	88377	ser
53790	88399	ser
53910	88519	ser
53954	88563	ser
53999	88608	ser
54019	88628	ser
54033	88642	ser
54278	88887	ser
54299	88908	ser
54394	89003	ser
53674	88283	ese
49856	84465	ese
51689	86298	escala
52299	86908	escalera
49831	84440	escalera
52987	87596	escalera
53591	88200	escalera
54209	88818	escalera
48752	83361	
49677	84286	escalonar
51732	86341	
54051	88660	escribir
51045	85654	
51867	86476	ese
53248	87857	ese
50916	85525	ese
50748	85357	espaciar
53269	87878	espaciar
53316	87925	espaciar
50599	85208	espacio
48566	83175	especial
51248	85857	especial
51789	86398	especial
52167	86776	especial
51499	86108	
51703	86312	especial
51769	86378	especial
51763	86372	espectacular
51927	86536	
50335	84944	espera
53890	88499	esperar
49003	83612	esperar
51288	85897	esperar
53916	88525	esperar
54346	88955	esperar
51839	86448	esposar
48599	83208	este
48646	83255	este
49566	84175	este
50148	84757	este
51328	85937	este
51341	85950	este
52410	87019	este
52947	87556	este
53008	87617	este
53124	87733	este
53181	87790	este
53445	88054	este
49195	83804	estar
50556	85165	estar
51304	85913	estar
51452	86061	estar
53876	88485	estar
53551	88160	
51380	85989	estar
49978	84587	
50934	85543	
51023	85632	
51520	86129	
51745	86354	
52357	86966	
53070	87679	
53205	87814	
53495	88104	
53874	88483	
54390	88999	
52173	86782	
50222	84831	estado
50237	84846	estado
50899	85508	estado
53347	87956	estado
53398	88007	estado
53736	88345	estado
49737	84346	
50977	85586	
51168	85777	
51842	86451	
52515	87124	
53425	88034	
53664	88273	
53302	87911	
50452	85061	estar
52501	87110	estar
49207	83816	este
53357	87966	estatus
49241	83850	este
49587	84196	este
49610	84219	este
50832	85441	este
51050	85659	este
52352	86961	este
52473	87082	este
52780	87389	este
53454	88063	este
53696	88305	este
51369	85978	
51758	86367	este
52481	87090	este
50354	84963	este
50883	85492	estar
51836	86445	estar
51610	86219	estupendo
53201	87810	estar
48697	83306	estar
51669	86278	estar
52766	87375	estar
51755	86364	
48774	83383	evitar
52390	86999	evitar
52460	87069	
49890	84499	exacto
48875	83484	excelente
49657	84266	excelente
49929	84538	excelente
50028	84637	excelente
50097	84706	excelente
50299	84908	excelente
50337	84946	excelente
50904	85513	excelente
51022	85631	excelente
51935	86544	excelente
52039	86648	excelente
52190	86799	excelente
52492	87101	excelente
52493	87102	excelente
53387	87996	excelente
53839	88448	excelente
53849	88458	excelente
53962	88571	excelente
52370	86979	excelente
52901	87510	excelente
50650	85259	excepto
49567	84176	experiencia
51930	86539	experiencia
52549	87158	experiencia
49634	84243	experiencia
51440	86049	explicar
50085	84694	explicar
53902	88511	expresar
52625	87234	exquisito
52126	86735	
51849	86458	extranjero
49905	84514	extranjero
51504	86113	extranjero
52112	86721	extranjero
50120	84729	fa
52355	86964	
53075	87684	facilidad
52529	87138	falla
52705	87314	fallar
48618	83227	falta
48707	83316	falta
48863	83472	falta
49093	83702	falta
49110	83719	falta
49254	83863	falta
49376	83985	falta
49408	84017	falta
49548	84157	falta
49728	84337	falta
50113	84722	falta
50223	84832	falta
50239	84848	falta
50320	84929	falta
50367	84976	falta
50621	85230	falta
51062	85671	falta
51127	85736	falta
51171	85780	falta
51618	86227	falta
51627	86236	falta
51717	86326	falta
51974	86583	falta
52248	86857	falta
52495	87104	falta
52855	87464	falta
53044	87653	falta
53277	87886	falta
53810	88419	falta
54273	88882	falta
52548	87157	
53018	87627	
49354	83963	faltar
50485	85094	faltar
51376	85985	faltar
50391	85000	
51706	86315	
50631	85240	
48662	83271	familia
49825	84434	familia
50562	85171	familiar
50852	85461	familiar
49943	84552	familiar
53118	87727	familiar
53127	87736	famoso
49900	84509	favor
50497	85106	favor
51746	86355	favor
51870	86479	favor
51995	86604	favor
52776	87385	favor
53452	88061	favor
54297	88906	favor
51675	86284	favorito
51591	86200	febrero
48962	83571	
48790	83399	felicidad
50586	85195	felicitación
50920	85529	felicitación
51731	86340	felicitación
48569	83178	femenino
48649	83258	feo
51425	86034	feo
53920	88529	fila
53352	87961	filtrar
48754	83363	final
52142	86751	final
50985	85594	finca
51001	85610	finca
51422	86031	finca
53283	87892	finca
51481	86090	forma
49168	83777	forma
50880	85489	frecuentar
50527	85136	frecuentar
50612	85221	frente
48806	83415	
49196	83805	
49340	83949	
52926	87535	
52939	87548	
48942	83551	
51295	85904	
51319	85928	
52223	86832	
51544	86153	
48577	83186	ir
48610	83219	ir
48615	83224	ir
48665	83274	ir
49088	83697	ir
49125	83734	ir
49174	83783	ir
49203	83812	ir
49225	83834	ir
49908	84517	ir
49979	84588	ir
50648	85257	ir
50678	85287	ir
50903	85512	ir
51138	85747	ir
51636	86245	ir
51904	86513	ir
51913	86522	ir
51934	86543	ir
52050	86659	ir
52133	86742	ir
52189	86798	ir
52282	86891	ir
52850	87459	ir
53501	88110	ir
53570	88179	ir
53654	88263	ir
53848	88457	ir
54133	88742	ir
54144	88753	ir
54154	88763	ir
54170	88779	ir
54271	88880	ir
49237	83846	fuera
50582	85191	fuera
51988	86597	fuera
49164	83773	ir
49369	83978	ir
51607	86216	ir
52704	87313	fuerte
53680	88289	fuerte
52666	87275	ir
54070	88679	
51827	86436	funcionar
52420	87029	funcionar
52464	87073	funcionar
54244	88853	funcionar
50958	85567	funcional
51059	85668	funcionamiento
54086	88695	funcionar
52216	86825	funda
52108	86717	gana
48937	83546	gaseosa
49718	84327	gastar
52916	87525	
49656	84265	general
51635	86244	general
52992	87601	general
50597	85206	generar
51465	86074	generar
48910	83519	gente
49008	83617	gente
49070	83679	gente
49258	83867	gente
50714	85323	gente
50723	85332	gente
51878	86487	gente
52277	86886	gente
54187	88796	gente
49930	84539	
53441	88050	golpear
52296	86905	gotera
52421	87030	gotera
52725	87334	gotera
48699	83308	gracia
48791	83400	gracia
50336	84945	gracia
51358	85967	gracia
51822	86431	gracia
52848	87457	gracia
52854	87463	gracia
54188	88797	gracia
48756	83365	grada
49857	84466	grada
50126	84735	grada
50483	85092	gran
50571	85180	grande
48815	83424	grasa
50932	85541	grata
51744	86353	grata
49483	84092	gratis
52147	86756	gratuito
54183	88792	
49128	83737	grosero
50826	85435	
49058	83667	grosero
49165	83774	grosero
52442	87051	grupo
50311	84920	gua
52938	87547	gua
53830	88439	
52099	86708	guardar
49658	84267	
50740	85349	
49623	84232	gustar
49809	84418	gustar
48892	83501	gustar
49702	84311	gustar
53157	87766	gusto
49533	84142	ha
52098	86707	ha
49034	83643	haber
52608	87217	haber
53842	88451	haber
49152	83761	
49268	83877	
49690	84299	
50431	85040	
50456	85065	
50641	85250	
50722	85331	
50971	85580	
52294	86903	
52401	87010	
53631	88240	
54378	88987	
50376	84985	
50995	85604	
48589	83198	
48742	83351	
48788	83397	
48829	83438	
48845	83454	
48852	83461	
48922	83531	
48965	83574	
49156	83765	
49163	83772	
49244	83853	
49353	83962	
49466	84075	
49490	84099	
49828	84437	
50059	84668	
50117	84726	
50138	84747	
50149	84758	
50172	84781	
50259	84868	
50628	85237	
50645	85254	
50727	85336	
51089	85698	
51116	85725	
51140	85749	
51200	85809	
51218	85827	
51343	85952	
51537	86146	
51542	86151	
51560	86169	
52005	86614	
52016	86625	
52056	86665	
52157	86766	
52302	86911	
52344	86953	
52347	86956	
52514	87123	
52710	87319	
52753	87362	
52762	87371	
52859	87468	
52892	87501	
53073	87682	
53112	87721	
53148	87757	
53194	87803	
53266	87875	
53297	87906	
53474	88083	
53478	88087	
53581	88190	
53598	88207	
53653	88262	
53715	88324	
53722	88331	
53731	88340	
53783	88392	
53800	88409	
53971	88580	
53996	88605	
54016	88625	
54132	88741	
54286	88895	
54313	88922	
54370	88979	
48917	83526	habitación
48944	83553	habitación
49893	84502	habitación
50088	84697	habitación
50217	84826	habitación
50325	84934	habitación
50344	84953	habitación
50489	85098	habitación
50630	85239	habitación
50982	85591	habitación
51396	86005	habitación
51419	86028	habitación
51576	86185	habitación
51705	86314	habitación
51720	86329	habitación
51738	86347	habitación
52019	86628	habitación
52071	86680	habitación
52091	86700	habitación
52257	86866	habitación
52366	86975	habitación
52554	87163	habitación
52798	87407	habitación
52963	87572	habitación
52973	87582	habitación
52976	87585	habitación
53027	87636	habitación
53117	87726	habitación
53279	87888	habitación
53663	88272	habitación
53796	88405	habitación
53846	88455	habitación
53986	88595	habitación
54054	88663	habitación
54104	88713	habitación
50505	85114	
52219	86828	
53980	88589	
49845	84454	hacer
50366	84975	hacer
51617	86226	hacer
51626	86235	hacer
52221	86830	hacer
52268	86877	hacer
52336	86945	hacer
52353	86962	hacer
53276	87885	hacer
50928	85537	hacer
49320	83929	hacer
49413	84022	hacer
49418	84027	hacer
49794	84403	hacer
49878	84487	hacer
50414	85023	hacer
50909	85518	hacer
50963	85572	hacer
52668	87277	hacer
48636	83245	
51353	85962	hacer
48896	83505	haber
49104	83713	hasta
48602	83211	haber
48677	83286	haber
49333	83942	haber
49662	84271	haber
49680	84289	haber
49876	84485	haber
50073	84682	haber
50082	84691	haber
50738	85347	haber
50751	85360	haber
50760	85369	haber
51547	86156	haber
52001	86610	haber
52079	86688	haber
52350	86959	haber
53172	87781	haber
53576	88185	haber
53642	88251	haber
53776	88385	haber
53929	88538	haber
54004	88613	haber
54025	88634	haber
54062	88671	haber
52800	87409	haber
52562	87171	haber
53735	88344	haber
50898	85507	haber
51850	86459	haber
49816	84425	hermanar
49131	83740	
50005	84614	helar
50012	84621	helar
50457	85066	helar
54255	88864	helar
54259	88868	helar
54264	88873	helar
48839	83448	
49850	84459	hijo
51030	85639	
52129	86738	hacer
52084	86693	hongo
51233	85842	honorario
48778	83387	hora
49001	83610	hora
49229	83838	hora
49790	84399	hora
50333	84942	hora
50657	85266	hora
51292	85901	hora
52253	86862	hora
53791	88400	hora
54348	88957	hora
49381	83990	hora
50387	84996	hora
53564	88173	hora
53918	88527	hora
54163	88772	hora
48991	83600	horrible
51970	86579	hospedar
51005	85614	hospedaje
48794	83403	hospitalidad
48919	83528	hotel
49014	83623	hotel
49084	83693	hotel
49216	83825	hotel
49328	83937	hotel
49416	84025	hotel
49486	84095	hotel
49585	84194	hotel
50031	84640	hotel
50273	84882	hotel
50454	85063	hotel
50529	85138	hotel
51335	85944	hotel
51933	86542	hotel
52176	86785	hotel
52591	87200	hotel
52598	87207	hotel
53332	87941	hotel
53359	87968	hotel
53926	88535	hotel
54012	88621	hotel
54094	88703	hotel
54341	88950	hotel
52123	86732	hotelero
51227	85836	haber
52137	86746	haber
52152	86761	haber
52275	86884	haber
53114	87723	haber
54203	88812	haber
48945	83554	oler
54361	88970	
49636	84245	
51307	85916	
51350	85959	
48904	83513	
49063	83672	
49117	83726	
49188	83797	
49538	84147	
49922	84531	
49989	84598	
50000	84609	
50135	84744	
50914	85523	
51190	85799	
51333	85942	
51367	85976	
51957	86566	
52170	86779	
52245	86854	
52821	87430	
53335	87944	
53520	88129	
54339	88948	
53889	88498	
48616	83225	huevar
48950	83559	huevar
53828	88437	
51144	85753	
53170	87779	
51149	85758	humedad
51563	86172	humedad
52029	86638	humedad
52083	86692	humedad
53667	88276	humedad
53977	88586	humedad
50027	84636	humedad
52240	86849	
50108	84717	
50981	85590	
50953	85562	
48825	83434	
54068	88677	
54249	88858	
54386	88995	ir
49089	83698	igual
50959	85568	
49389	83998	
50435	85044	
51086	85695	
51427	86036	
51464	86073	
51899	86508	
52826	87435	
53389	87998	
53687	88296	
53983	88592	
54367	88976	
51437	86046	imagen
51920	86529	imagen
51228	85837	impertinencia
51861	86470	impedir
52614	87223	
51008	85617	implicar
51742	86351	importancia
48751	83360	importante
50937	85546	importante
52967	87576	importante
53133	87742	importante
53402	88011	importante
54020	88629	imposible
54253	88862	imposible
54034	88643	impresionante
52116	86725	imponer
52131	86740	imponer
51903	86512	incidente
54138	88747	
50557	85166	incluir
48881	83490	incluir
50943	85552	incluir
53485	88094	incluir
50838	85447	incluir
52570	87179	incluir
52729	87338	incluir
53134	87743	incluir
53827	88436	incluir
50730	85339	incomodar
50861	85470	incomodidad
52918	87527	incomodidad
49653	84262	incomodar
50163	84772	incomodar
50855	85464	incomodar
52789	87398	incomodar
52874	87483	incomodar
51135	85744	
49231	83840	
52446	87055	inconveniente
53058	87667	inconveniente
50212	84821	incrementar
53698	88307	
51194	85803	
48634	83243	indicar
50014	84623	infantil
48586	83195	
48643	83252	
49261	83870	
49888	84497	
50756	85365	
50967	85576	
51222	85831	
52448	87057	
52457	87066	
52601	87210	
53558	88167	
53749	88358	
53762	88371	
54136	88745	
51871	86480	informar
52774	87383	informar
49911	84520	ingresar
50796	85405	ingresar
52785	87394	ingresar
54350	88959	ingresar
50805	85414	ingresar
54325	88934	ingresar
54337	88946	ingresar
54359	88968	ingresar
53825	88434	inodoro
50775	85384	insatisfecho
53636	88245	inseguro
52735	87344	
49429	84038	instalación
52033	86642	instalación
54153	88762	instancia
54050	88659	instrucción
53039	87648	instrumental
54160	88769	instrumental
50066	84675	insuficiente
52903	87512	
54080	88689	intentar
49421	84030	internacional
49407	84016	internet
50322	84931	internet
52396	87005	internet
53382	87991	internet
53953	88562	internet
54277	88886	internet
54412	89021	internet
51873	86482	
54194	88803	intoxicar
52359	86968	ir
52791	87400	ir
49819	84428	
52119	86728	iva
48606	83215	
49452	84061	
49050	83659	
50158	84767	
49932	84541	
50265	84874	jamar
49618	84227	
49122	83731	jefe
49931	84540	
50314	84923	juego
53249	87858	jugo
51585	86194	jugo
53260	87869	jugo
48595	83204	justificar
53255	87864	justar
53911	88520	justar
50168	84777	l
51430	86039	l
48563	83172	el
48588	83197	el
48597	83206	el
48650	83259	el
48680	83289	el
48690	83299	el
48702	83311	el
48710	83319	el
48715	83324	el
48717	83326	el
48741	83350	el
48747	83356	el
48787	83396	el
48801	83410	el
48808	83417	el
48828	83437	el
48844	83453	el
48851	83460	el
48921	83530	el
48928	83537	el
48964	83573	el
48966	83575	el
48980	83589	el
48989	83598	el
49007	83616	el
49069	83678	el
49114	83723	el
49118	83727	el
49130	83739	el
49140	83749	el
49145	83754	el
49155	83764	el
49162	83771	el
49175	83784	el
49190	83799	el
49221	83830	el
49243	83852	el
49273	83882	el
49324	83933	el
49330	83939	el
49342	83951	el
49349	83958	el
49352	83961	el
49358	83967	el
49388	83997	el
49404	84013	el
49424	84033	el
49432	84041	el
49445	84054	el
49461	84070	el
49489	84098	el
49495	84104	el
49503	84112	el
49506	84115	el
49516	84125	el
49529	84138	el
49535	84144	el
49545	84154	el
49650	84259	el
49773	84382	el
49785	84394	el
49810	84419	el
49824	84433	el
49827	84436	el
49869	84478	el
49882	84491	el
49892	84501	el
49897	84506	el
49960	84569	el
49977	84586	el
49986	84595	el
49994	84603	el
49997	84606	el
50016	84625	el
50040	84649	el
50048	84657	el
50055	84664	el
50058	84667	el
50068	84677	el
50087	84696	el
50116	84725	el
50123	84732	el
50137	84746	el
50155	84764	el
50171	84780	el
50177	84786	el
50226	84835	el
50242	84851	el
50258	84867	el
50319	84928	el
50330	84939	el
50370	84979	el
50375	84984	el
50378	84987	el
50389	84998	el
50406	85015	el
50434	85043	el
50465	85074	el
50468	85077	el
50535	85144	el
50549	85158	el
50553	85162	el
50577	85186	el
50584	85193	el
50588	85197	el
50607	85216	el
50614	85223	el
50627	85236	el
50629	85238	el
50644	85253	el
50646	85255	el
50656	85265	el
50676	85285	el
50713	85322	el
50720	85329	el
50726	85335	el
50764	85373	el
50782	85391	el
50810	85419	el
50815	85424	el
50839	85448	el
50860	85469	el
50863	85472	el
50892	85501	el
50918	85527	el
50964	85573	el
50966	85575	el
50999	85608	el
51067	85676	el
51075	85684	el
51085	85694	el
51088	85697	el
51095	85704	el
51099	85708	el
51106	85715	el
51115	85724	el
51139	85748	el
51148	85757	el
51156	85765	el
51199	85808	el
51217	85826	el
51220	85829	el
51246	85855	el
51266	85875	el
51289	85898	el
51312	85921	el
51342	85951	el
51351	85960	el
51354	85963	el
51362	85971	el
51404	86013	el
51416	86025	el
51494	86103	el
51541	86150	el
51555	86164	el
51559	86168	el
51612	86221	el
51615	86224	el
51641	86250	el
51694	86303	el
51698	86307	el
51729	86338	el
51734	86343	el
51765	86374	el
51781	86390	el
51802	86411	el
51834	86443	el
51862	86471	el
51898	86507	el
51906	86515	el
51929	86538	el
51936	86545	el
51939	86548	el
51954	86563	el
51966	86575	el
51972	86581	el
52004	86613	el
52008	86617	el
52032	86641	el
52051	86660	el
52055	86664	el
52060	86669	el
52063	86672	el
52082	86691	el
52101	86710	el
52125	86734	el
52156	86765	el
52161	86770	el
52182	86791	el
52194	86803	el
52197	86806	el
52218	86827	el
52252	86861	el
52259	86868	el
52266	86875	el
52285	86894	el
52298	86907	el
52301	86910	el
52334	86943	el
52343	86952	el
52346	86955	el
52356	86965	el
52361	86970	el
52387	86996	el
52408	87017	el
52413	87022	el
52423	87032	el
52427	87036	el
52469	87078	el
52513	87122	el
52627	87236	el
52631	87240	el
52644	87253	el
52702	87311	el
52709	87318	el
52718	87327	el
52722	87331	el
52727	87336	el
52734	87343	el
52757	87366	el
52761	87370	el
52764	87373	el
52778	87387	el
52825	87434	el
52858	87467	el
52870	87479	el
52877	87486	el
52891	87500	el
52897	87506	el
52921	87530	el
52932	87541	el
52968	87577	el
53048	87657	el
53056	87665	el
53072	87681	el
53086	87695	el
53111	87720	el
53147	87756	el
53193	87802	el
53207	87816	el
53216	87825	el
53218	87827	el
53223	87832	el
53233	87842	el
53251	87860	el
53265	87874	el
53281	87890	el
53291	87900	el
53296	87905	el
53336	87945	el
53349	87958	el
53420	88029	el
53429	88038	el
53442	88051	el
53473	88082	el
53494	88103	el
53497	88106	el
53499	88108	el
53557	88166	el
53563	88172	el
53573	88182	el
53580	88189	el
53597	88206	el
53633	88242	el
53652	88261	el
53669	88278	el
53681	88290	el
53686	88295	el
53703	88312	el
53714	88323	el
53721	88330	el
53730	88339	el
53745	88354	el
53787	88396	el
53835	88444	el
53856	88465	el
53861	88470	el
53873	88482	el
53878	88487	el
53894	88503	el
53900	88509	el
53905	88514	el
53945	88554	el
53964	88573	el
53970	88579	el
53976	88585	el
53979	88588	el
53982	88591	el
53987	88596	el
53995	88604	el
54015	88624	el
54065	88674	el
54111	88720	el
54131	88740	el
54146	88755	el
54149	88758	el
54155	88764	el
54168	88777	el
54176	88785	el
54186	88795	el
54189	88798	el
54265	88874	el
54307	88916	el
54312	88921	el
54319	88928	el
54366	88975	el
54369	88978	el
54375	88984	el
49045	83654	lado
50140	84749	lado
53427	88036	lado
54024	88633	lado
49331	83940	lama
49350	83959	lama
49740	84349	lama
51360	85969	lama
53467	88076	lama
51959	86568	lamoso
52948	87557	lamoso
53183	87792	lamoso
52890	87499	
51211	85820	largar
53921	88530	
48916	83525	el
48943	83552	el
49047	83656	el
49167	83776	el
49171	83780	el
49271	83880	el
49380	83989	el
49428	84037	el
49633	84242	el
49735	84344	el
49912	84521	el
50130	84739	el
50216	84825	el
50232	84841	el
50263	84872	el
50324	84933	el
50343	84952	el
50421	85030	el
50459	85068	el
50488	85097	el
50651	85260	el
50690	85299	el
50693	85302	el
50707	85316	el
50741	85350	el
50907	85516	el
51012	85621	el
51056	85665	el
51182	85791	el
51270	85879	el
51279	85888	el
51324	85933	el
51347	85956	el
51371	85980	el
51395	86004	el
51407	86016	el
51418	86027	el
51530	86139	el
51569	86178	el
51575	86184	el
51593	86202	el
51654	86263	el
51719	86328	el
51737	86346	el
51761	86370	el
51885	86494	el
52018	86627	el
52052	86661	el
52070	86679	el
52086	86695	el
52089	86698	el
52206	86815	el
52235	86844	el
52256	86865	el
52365	86974	el
52371	86980	el
52521	87130	el
52553	87162	el
52595	87204	el
52659	87268	el
52674	87283	el
52697	87306	el
52797	87406	el
52941	87550	el
52962	87571	el
52972	87581	el
52986	87595	el
53001	87610	el
53026	87635	el
53091	87700	el
53116	87725	el
53278	87887	el
53422	88031	el
53590	88199	el
53599	88208	el
53662	88271	el
53795	88404	el
53802	88411	el
53845	88454	el
53853	88462	el
53967	88576	el
53985	88594	el
54009	88618	el
54038	88647	el
54053	88662	el
54103	88712	el
54234	88843	el
54400	89009	el
52794	87403	lastimar
50190	84799	lastimar
49464	84073	lavamanos
50230	84839	lavamanos
51451	86060	lavamanos
52721	87330	lavamanos
53528	88137	lavamanos
53586	88195	lavamanos
51359	85968	lavar
52943	87552	
48769	83378	le
49727	84336	le
49844	84453	le
50365	84974	le
51841	86450	le
51944	86553	le
52326	86935	leche
52327	86936	leche
53832	88441	leche
50326	84935	lento
52228	86837	lento
54280	88889	lento
49399	84008	lento
48862	83471	le
49547	84156	le
51061	85670	le
51310	85919	le
51690	86299	le
54403	89012	le
50191	84800	
50009	84618	licor
52694	87303	light
49329	83938	limpiar
50262	84871	limpiar
52551	87160	limpieza
49643	84252	limpiar
52760	87369	limpiar
50712	85321	lindar
53531	88140	linterna
51892	86501	liso
52670	87279	llamada
50961	85570	llamar
51241	85850	llamar
53724	88333	llamar
51025	85634	llamar
52470	87079	llave
52013	86622	llegar
52510	87119	llegar
51254	85863	llegar
51273	85882	llegar
52594	87203	llegar
52672	87281	llegar
50976	85585	llegar
51197	85806	llegar
51215	85824	llegar
52319	86928	llegar
54201	88810	llegar
53665	88274	llena
50800	85409	llenar
49738	84347	lleno
53595	88204	llevar
50762	85371	llevar
49107	83716	el
49233	83842	el
49481	84090	el
49842	84451	el
50180	84789	el
50475	85084	el
50523	85132	el
50743	85352	el
50758	85367	el
50927	85536	el
50986	85595	el
51677	86286	el
52045	86654	el
53245	87854	el
53814	88423	el
53913	88522	el
54035	88644	el
54079	88688	el
51230	85839	
51057	85666	
48824	83433	el
48893	83502	el
48900	83509	el
48903	83512	el
49031	83640	el
49038	83647	el
49062	83671	el
49187	83796	el
49391	84000	el
49498	84107	el
49572	84181	el
49732	84341	el
49758	84367	el
49921	84530	el
49941	84550	el
49945	84554	el
49990	84599	el
50008	84617	el
50101	84710	el
50134	84743	el
50340	84949	el
50409	85018	el
50417	85026	el
50616	85225	el
50769	85378	el
50821	85430	el
50823	85432	el
50913	85522	el
51080	85689	el
51164	85773	el
51189	85798	el
51204	85813	el
51225	85834	el
51332	85941	el
51366	85975	el
51378	85987	el
51459	86068	el
51471	86080	el
51501	86110	el
51538	86147	el
51550	86159	el
51629	86238	el
51658	86267	el
51778	86387	el
51799	86408	el
51893	86502	el
51951	86560	el
52111	86720	el
52121	86730	el
52158	86767	el
52169	86778	el
52244	86853	el
52452	87061	el
52499	87108	el
52505	87114	el
52560	87169	el
52603	87212	el
52684	87293	el
52820	87429	el
52889	87498	el
52935	87544	el
52989	87598	el
53010	87619	el
53107	87716	el
53129	87738	el
53140	87749	el
53156	87765	el
53187	87796	el
53190	87799	el
53543	88152	el
53753	88362	el
53805	88414	el
53817	88426	el
53864	88473	el
53888	88497	el
54059	88668	el
54091	88700	el
54097	88706	el
54239	88848	el
54382	88991	el
52058	86667	lucir
48656	83265	lugar
49242	83851	lugar
49763	84372	lugar
50045	84654	lugar
50298	84907	lugar
50402	85011	lugar
51603	86212	lugar
51674	86283	lugar
53294	87903	lugar
53405	88014	lugar
53241	87850	lugar
53353	87962	luz
49841	84450	madera
49617	84226	
49311	83920	mal
50221	84830	mal
50236	84845	mal
51428	86037	mal
51456	86065	mal
53106	87715	mal
53346	87955	mal
53397	88006	mal
54121	88730	mal
48579	83188	malo
48600	83209	malo
49260	83869	malo
49427	84036	malo
50470	85079	malo
52077	86686	malo
53226	87835	malo
53340	87949	malo
53608	88217	malo
53691	88300	malo
54192	88801	malo
54417	89026	malo
50742	85351	maleta
54207	88816	maleta
52049	86658	malo
53956	88565	malo
51424	86033	malo
53142	87751	malo
48997	83606	maluco
50445	85054	manejar
51219	85828	manejar
52456	87065	manejar
48688	83297	manejar
51469	86078	manejar
54057	88666	manejar
52214	86823	manta
51170	85779	
49991	84600	mantel
48692	83301	mantener
50214	84823	mantenimiento
52768	87377	mantenimiento
52782	87391	
51068	85677	
53634	88243	maquinar
54257	88866	maquinar
50403	85012	maravilloso
49137	83746	margarita
50725	85334	mariguana
48830	83439	mas
48977	83586	mas
49142	83751	mas
49182	83791	mas
49226	83835	mas
49355	83964	mas
49364	83973	mas
49377	83986	mas
49419	84028	mas
49423	84032	mas
49524	84133	mas
49549	84158	mas
49594	84203	mas
49693	84302	mas
49716	84325	mas
49889	84498	mas
49975	84584	mas
50202	84811	mas
50384	84993	mas
50425	85034	mas
50570	85179	mas
50598	85207	mas
50606	85215	mas
50746	85355	mas
50865	85474	mas
50955	85564	mas
51016	85625	mas
51054	85663	mas
51329	85938	mas
51413	86022	mas
51432	86041	mas
51463	86072	mas
51522	86131	mas
51527	86136	mas
51708	86317	mas
51831	86440	mas
51990	86599	mas
52306	86915	mas
52502	87111	mas
52550	87159	mas
52557	87166	mas
52641	87250	mas
52692	87301	mas
53040	87649	mas
53152	87761	mas
53338	87947	mas
53819	88428	mas
53882	88491	mas
54089	88698	mas
54179	88788	mas
54210	88819	mas
54333	88942	mas
48874	83483	masaje
50022	84631	masaje
51795	86404	masaje
52532	87141	masaje
52545	87154	masaje
52572	87181	masaje
49660	84269	
48998	83607	
50350	84959	mayor
53045	87654	mayor
53415	88024	mayor
50390	84999	mañana
49479	84088	mañanero
48633	83242	me
48673	83282	me
48744	83353	me
48891	83500	me
49101	83710	me
49622	84231	me
49701	84310	me
49776	84385	me
49808	84417	me
50084	84693	me
50269	84878	me
50935	85544	me
52736	87345	me
52749	87358	me
53017	87626	me
53131	87740	me
53375	87984	me
53728	88337	me
54193	88802	me
51243	85852	
50766	85375	mediante
51490	86099	medicamento
54409	89018	
51206	85815	medir
51666	86275	mediar
48869	83478	mejor
49018	83627	mejor
49951	84560	mejor
50054	84663	mejor
50440	85049	mejor
50755	85364	mejor
51302	85911	mejor
52632	87241	mejor
53158	87767	mejor
53388	87997	mejor
53811	88420	mejor
49625	84234	mejorar
48714	83323	mejorar
49303	83912	mejorar
49387	83996	mejorar
49393	84002	mejorar
49437	84046	mejorar
49527	84136	mejorar
49540	84149	mejorar
49577	84186	mejorar
49609	84218	mejorar
49901	84510	mejorar
50038	84647	mejorar
50104	84713	mejorar
50381	84990	mejorar
50405	85014	mejorar
50494	85103	mejorar
50662	85271	mejorar
51079	85688	mejorar
51155	85764	mejorar
51493	86102	mejorar
51554	86163	mejorar
51728	86337	mejorar
52191	86800	mejorar
52205	86814	mejorar
52696	87305	mejorar
52824	87433	mejorar
52886	87495	mejorar
52993	87602	mejorar
53012	87621	mejorar
53052	87661	mejorar
53470	88079	mejorar
53475	88084	mejorar
53496	88105	mejorar
53516	88125	mejorar
53621	88230	mejorar
53780	88389	mejorar
53855	88464	mejorar
53896	88505	mejorar
53957	88566	mejorar
53981	88590	mejorar
54107	88716	mejorar
54281	88890	mejorar
54306	88915	mejorar
54335	88944	mejorar
51073	85682	mejora
54236	88845	mejora
54410	89019	mejorar
48733	83342	
52241	86850	mejor
49213	83822	menos
49719	84328	menos
51678	86287	menos
48976	83585	
49097	83706	
49555	84164	
49579	84188	
49589	84198	
49681	84290	
50013	84622	
50511	85120	
51982	86591	
52617	87226	
53149	87758	
53602	88211	
53834	88443	
54223	88832	
54332	88941	
51684	86293	mes
52990	87599	mesa
53423	88032	mesa
49111	83720	mesero
49316	83925	mesero
51621	86230	mesero
50410	85019	mesero
53806	88415	mesero
54240	88849	mesero
48661	83270	mi
49815	84424	mi
50267	84876	mi
50998	85607	mi
51082	85691	mi
51673	86282	mi
51838	86447	mi
52015	86624	mi
53435	88044	mi
54043	88652	mi
54152	88761	mi
53273	87882	mini
50493	85102	
53773	88382	ministerio
52576	87185	minuto
53661	88270	minuto
53892	88501	minuto
49849	84458	mi
51221	85830	mismo
54156	88765	mismo
49958	84567	mismo
50524	85133	mismo
53781	88390	mobiliario
51017	85626	
54109	88718	moho
51725	86334	mojada
51453	86062	mojar
50539	85148	molesto
53372	87981	montaña
49923	84532	mortal
52896	87505	mortal
52094	86703	mostrar
48585	83194	mucho
51477	86086	mucho
51638	86247	mucho
52475	87084	mucho
52917	87526	mucho
49628	84237	mucho
51072	85681	mucho
52847	87456	mucho
54208	88817	mucho
49729	84338	mucho
49743	84352	mucho
50039	84648	mucho
50053	84662	mucho
50132	84741	mucho
51337	85946	mucho
52026	86635	mucho
52222	86831	mucho
52269	86878	mucho
52320	86929	mucho
52337	86946	mucho
52471	87080	mucho
54372	88981	mucho
50382	84991	
50279	84888	morir
51436	86045	mostrar
51447	86056	mostrar
52276	86885	
50480	85089	mundo
53554	88163	municipio
49984	84593	musicar
50608	85217	musicar
51412	86021	musicar
52341	86950	musicar
53036	87645	musicar
53535	88144	musicar
54147	88756	musicar
50463	85072	musical
48578	83187	muy
48670	83279	muy
48705	83314	muy
48728	83337	muy
48765	83374	muy
48782	83391	muy
48795	83404	muy
48805	83414	muy
48814	83423	muy
48926	83535	muy
49057	83666	muy
49310	83919	muy
49370	83979	muy
49398	84007	muy
49402	84011	muy
49426	84035	muy
49434	84043	muy
49509	84118	muy
49639	84248	muy
49642	84251	muy
49652	84261	muy
49756	84365	muy
49760	84369	muy
49846	84455	muy
49871	84480	muy
49909	84518	muy
49925	84534	muy
49927	84536	muy
49980	84589	muy
50034	84643	muy
50065	84674	muy
50235	84844	muy
50295	84904	muy
50514	85123	muy
50567	85176	muy
50681	85290	muy
50711	85320	muy
51003	85612	muy
51033	85642	muy
51093	85702	muy
51097	85706	muy
51108	85717	muy
51423	86032	muy
51543	86152	muy
51743	86352	muy
51768	86377	muy
51828	86437	muy
51874	86483	muy
51879	86488	muy
51900	86509	muy
51941	86550	muy
51958	86567	muy
51979	86588	muy
52037	86646	muy
52103	86712	muy
52164	86773	muy
52177	86786	muy
52210	86819	muy
52227	86836	muy
52291	86900	muy
52374	86983	muy
52533	87142	muy
52624	87233	muy
52634	87243	muy
52681	87290	muy
52788	87397	muy
52845	87454	muy
52873	87482	muy
52929	87538	muy
53182	87791	muy
53225	87834	muy
53378	87987	muy
53401	88010	muy
53468	88077	muy
53502	88111	muy
53571	88180	muy
53635	88244	muy
53679	88288	muy
53740	88349	muy
53807	88416	muy
53955	88564	muy
54000	88609	muy
54134	88743	muy
54182	88791	muy
54191	88800	muy
54250	88859	muy
54279	88888	muy
54416	89025	muy
51806	86415	
52117	86726	nacional
49074	83683	nada
49321	83930	nada
53645	88254	nada
48632	83241	nadie
48641	83250	nadie
49250	83859	nadie
51255	85864	nadie
53943	88552	nadie
48722	83331	natural
50211	84820	naturaleza
49714	84323	necesitar
51071	85680	necesitar
51818	86427	necesitar
50803	85412	negar
50290	84899	nevera
51578	86187	nevera
53029	87638	nevera
53272	87881	
54290	88899	
49667	84276	ni
50461	85070	ni
53364	87973	ni
53646	88255	ni
49091	83700	ninguno
51031	85640	ninguno
50503	85112	nivel
51803	86412	niño
54044	88653	niño
52596	87205	niño
50185	84794	niño
53941	88550	niño
48581	83190	no
48583	83192	no
48593	83202	no
48601	83210	no
48628	83237	no
48638	83247	no
48664	83273	no
48676	83285	no
48837	83446	no
48890	83499	no
48905	83514	no
48923	83532	no
48930	83539	no
48957	83566	no
48970	83579	no
48984	83593	no
49064	83673	no
49072	83681	no
49147	83756	no
49151	83760	no
49173	83782	no
49209	83818	no
49246	83855	no
49267	83876	no
49319	83928	no
49480	84089	no
49511	84120	no
49621	84230	no
49661	84270	no
49679	84288	no
49689	84298	no
49700	84309	no
49746	84355	no
49754	84363	no
49807	84416	no
49947	84556	no
49954	84563	no
50070	84679	no
50076	84685	no
50081	84690	no
50089	84698	no
50141	84750	no
50159	84768	no
50175	84784	no
50374	84983	no
50427	85036	no
50444	85053	no
50450	85059	no
50455	85064	no
50555	85164	no
50637	85246	no
50640	85249	no
50670	85279	no
50684	85293	no
50692	85301	no
50737	85346	no
50750	85359	no
50794	85403	no
50817	85426	no
50856	85465	no
50866	85475	no
50882	85491	no
51007	85616	no
51029	85638	no
51035	85644	no
51263	85872	no
51276	85885	no
51317	85926	no
51373	85982	no
51399	86008	no
51435	86044	no
51439	86048	no
51446	86055	no
51502	86111	no
51509	86118	no
51515	86124	no
51532	86141	no
51546	86155	no
51599	86208	no
51660	86269	no
51686	86295	no
51754	86363	no
51775	86384	no
51792	86401	no
51826	86435	no
51856	86465	no
51890	86499	no
51924	86533	no
51943	86552	no
51960	86569	no
52000	86609	no
52012	86621	no
52048	86657	no
52078	86687	no
52105	86714	no
52113	86722	no
52132	86741	no
52230	86839	no
52281	86890	no
52349	86958	no
52379	86988	no
52419	87028	no
52429	87038	no
52444	87053	no
52454	87063	no
52482	87091	no
52518	87127	no
52537	87146	no
52599	87208	no
52629	87238	no
52663	87272	no
52678	87287	no
52699	87308	no
52744	87353	no
52759	87368	no
52773	87382	no
52783	87392	no
52799	87408	no
53020	87629	no
53037	87646	no
53096	87705	no
53200	87809	no
53214	87823	no
53230	87839	no
53253	87862	no
53287	87896	no
53312	87921	no
53351	87960	no
53360	87969	no
53547	88156	no
53575	88184	no
53641	88250	no
53671	88280	no
53727	88336	no
53867	88476	no
53875	88484	no
53909	88518	no
54003	88612	no
54045	88654	no
54061	88670	no
54143	88752	no
54172	88781	no
54202	88811	no
54224	88833	no
54243	88852	no
54270	88879	no
54294	88903	no
54377	88986	no
49517	84126	noche
50704	85313	noche
50721	85330	noche
52064	86673	noche
52286	86895	noche
53224	87833	noche
50908	85517	noche
52756	87365	noche
49054	83663	nombrar
50442	85051	
49200	83809	no
49289	83898	no
50428	85037	no
50537	85146	no
50564	85173	no
50802	85411	no
50887	85496	no
51201	85810	no
51240	85849	no
51286	85895	no
51786	86395	no
51860	86469	no
51917	86526	no
52093	86702	no
52106	86715	no
52679	87288	no
52861	87470	no
53094	87703	no
53548	88157	no
54355	88964	no
52323	86932	nosotros
53103	87712	nosotros
53935	88544	nosotros
52522	87131	noticia
53436	88045	novio
50933	85542	nuestro
51519	86128	nuestro
51536	86145	nuestro
51993	86602	nuestro
53204	87813	nuestro
51926	86535	nuestro
51902	86511	nuestro
49811	84420	nueva
52615	87224	
49780	84389	nuevo
50509	85118	nuevo
53539	88148	numerar
54069	88678	nunca
54085	88694	nunca
49612	84221	o
52689	87298	o
53560	88169	o
54252	88861	o
54260	88869	o
51551	86160	objeto
51562	86171	observar
51032	85641	
52566	87175	
50182	84791	ocasionar
48574	83183	octubre
49286	83895	oficina
49482	84091	ofrecer
48877	83486	ofrecer
49022	83631	ofrecer
51245	85854	ofrecer
50978	85587	ofrecer
50247	84856	ofrecer
52145	86754	ofrecer
52737	87346	ofrecer
49570	84179	ojalar
49770	84379	ojalar
49771	84380	ojalar
51457	86066	olor
52027	86636	olor
52097	86706	olor
52238	86847	olor
53677	88286	olor
49094	83703	opción
51449	86058	opción
52579	87188	opción
54219	88828	opción
54397	89006	opción
49302	83911	
50094	84703	oportunidad
53961	88570	oportunidad
52851	87460	oportuno
50924	85533	
50686	85295	orden
54211	88820	organización
54237	88846	organización
50128	84737	
49172	83781	osar
52833	87442	oscuro
52375	86984	oscuro
51260	85869	otro
51448	86057	otro
52316	86925	otro
49044	83653	otro
49952	84561	otro
49972	84581	otro
50980	85589	otro
51580	86189	otro
53240	87849	otro
53246	87855	pagar
52114	86723	pagar
53256	87865	pagar
53061	87670	pagar
51064	85673	pan
49720	84329	papel
53823	88432	papel
54362	88971	papel
52723	87332	papelera
54379	88988	papelera
50371	84980	
51922	86531	paquete
53754	88363	paquete
53760	88369	paquete
51223	85832	par
52879	87488	par
52953	87562	par
48590	83199	para
48621	83230	para
48658	83267	para
48686	83295	para
48734	83343	para
48773	83382	para
48821	83430	para
49002	83611	para
49015	83624	para
49036	83645	para
49372	83981	para
49449	84058	para
49467	84076	para
49494	84103	para
49582	84191	para
49648	84257	para
49659	84268	para
49664	84273	para
49751	84360	para
49791	84400	para
49803	84412	para
49873	84482	para
49896	84505	para
49904	84513	para
49968	84577	para
50021	84630	para
50042	84651	para
50129	84738	para
50147	84756	para
50241	84850	para
50300	84909	para
50416	85025	para
50458	85067	para
50490	85099	para
50687	85296	para
50700	85309	para
50731	85340	para
50790	85399	para
50831	85440	para
50952	85561	para
50972	85581	para
50997	85606	para
51130	85739	para
51316	85925	para
51389	85998	para
51579	86188	para
51601	86210	para
51663	86272	para
51701	86310	para
51707	86316	para
51722	86331	para
51796	86405	para
52120	86729	para
52171	86780	para
52358	86967	para
52443	87052	para
52636	87245	para
52819	87428	para
52977	87586	para
53076	87685	para
53154	87763	para
53270	87879	para
53317	87926	para
53355	87964	para
53413	88022	para
53418	88027	para
53506	88115	para
53813	88422	para
53922	88531	para
53947	88556	para
54205	88814	para
54263	88872	para
54349	88958	para
48674	83283	parecer
49777	84386	parecer
50936	85545	parecer
53132	87741	parecer
48812	83421	
49290	83899	
50565	85174	
51787	86396	
51570	86179	pared
52087	86696	pared
54112	88721	pared
52698	87307	pareja
51793	86402	parar
49983	84592	
49446	84055	parte
49462	84071	parte
51613	86222	parte
51695	86304	parte
51782	86391	parte
51955	86564	parte
52933	87542	parte
53613	88222	parte
51854	86463	parte
53186	87795	parte
51671	86280	
52786	87395	
53399	88008	
51883	86492	pasamanos
49079	83688	pasar
54099	88708	pasar
51846	86455	pasaportar
52416	87025	pasar
53100	87709	pedido
53242	87851	pedir
50079	84688	pedir
52884	87493	pedir
53948	88557	pedir
49833	84442	peldaño
52524	87133	
52930	87539	
49847	84456	peligroso
53434	88043	peligroso
52952	87561	peligroso
53639	88248	peligroso
50395	85004	pelar
48861	83470	pelo
51305	85914	pendiente
51330	85939	pendiente
52503	87112	pendiente
49745	84354	pensar
53365	87974	pensar
49143	83752	pequeño
49458	84067	pequeño
53732	88341	pequeño
53741	88350	pequeño
49872	84481	pequeño
49510	84119	pequeño
49640	84249	pequeño
52292	86901	pequeño
50107	84716	pequeño
51897	86506	pequeño
51721	86330	perchero
49112	83721	permanente
51622	86231	permanente
54225	88834	permitir
49294	83903	pero
49641	84250	pero
49654	84263	pero
50680	85289	pero
50706	85315	pero
52494	87103	pero
53809	88418	pero
49433	84042	
50304	84913	persona
51967	86576	persona
52955	87564	persona
53321	87930	persona
48797	83406	personal
49121	83730	personal
49206	83815	personal
49378	83987	personal
49768	84377	personal
49964	84573	personal
50100	84709	personal
51104	85713	personal
51523	86132	personal
52843	87452	personal
53330	87939	personal
53615	88224	personal
54204	88813	personal
49346	83955	persona
49361	83970	persona
49469	84078	persona
49665	84274	persona
50652	85261	persona
50708	85317	persona
51711	86320	persona
51813	86422	persona
52317	86926	persona
52905	87514	persona
52978	87587	persona
53092	87701	persona
49234	83843	
53306	87915	perverso
52606	87215	pesar
53465	88074	pesar
50449	85058	
52655	87264	
54139	88748	
51940	86549	picada
49382	83991	picar
54404	89013	pedir
51843	86452	pedir
50625	85234	piedra
51036	85645	pensar
49266	83875	pila
51558	86167	pintar
48802	83411	piscina
49115	83724	piscina
49191	83800	piscina
49343	83952	piscina
49507	84116	piscina
49536	84145	piscina
49987	84596	piscina
49998	84607	piscina
50466	85075	piscina
51325	85934	piscina
51363	85972	piscina
51699	86308	piscina
52388	86997	piscina
52765	87374	piscina
52779	87388	piscina
52871	87480	piscina
52878	87487	piscina
52928	87537	piscina
53199	87808	piscina
54150	88759	piscina
49048	83657	piscina
50033	84642	piscina
50772	85381	piscina
51372	85981	piscina
51408	86017	piscina
51594	86203	piscina
51646	86255	piscina
51655	86264	piscina
52061	86670	piscina
52942	87551	piscina
54066	88675	piscina
54330	88939	piscina
54235	88844	
48759	83368	pisar
49335	83944	pisar
49442	84051	pisar
49675	84284	pisar
50282	84891	pisar
51078	85687	pisar
51949	86558	pisar
52369	86978	pisar
53180	87789	pisar
53412	88021	pisar
54115	88724	pisar
49759	84368	piso
50424	85033	piso
49307	83916	piña
53219	87828	piña
53234	87843	piña
53252	87861	piña
53262	87871	piña
48879	83488	plan
50561	85170	plan
50844	85453	plan
50851	85460	plan
51467	86076	plan
54125	88734	plan
50362	84971	plancha
50248	84857	plan
49750	84359	
49796	84405	plato
53108	87717	plato
53865	88474	plato
53804	88413	
48611	83220	pobre
51384	85993	
53600	88209	poción
48796	83405	poco
49279	83888	poco
51092	85701	poco
51901	86510	poco
52354	86963	poco
52888	87497	poco
53582	88191	poco
53923	88532	poder
50438	85047	
49436	84045	
53879	88488	
48604	83213	poner
49270	83879	poner
49894	84503	poner
50392	85001	poner
51128	85737	poner
51391	86000	poner
51410	86019	poner
52057	86666	poner
52213	86822	poner
53032	87641	poner
54301	88910	poner
53914	88523	poner
51283	85892	
48679	83288	por
48792	83401	por
49043	83652	por
49348	83957	por
49357	83966	por
49406	84015	por
49855	84464	por
50119	84728	por
50345	84954	por
50481	85090	por
50587	85196	por
50703	85312	por
50915	85524	por
51018	85627	por
51077	85686	por
51203	85812	por
51676	86285	por
51852	86461	por
52284	86893	por
52477	87086	por
52775	87384	por
52815	87424	por
53102	87711	por
53128	87737	por
53189	87798	por
53247	87856	por
53258	87867	por
53589	88198	por
53612	88221	por
53673	88282	por
53770	88379	por
53779	88388	por
53893	88502	por
53907	88516	por
53927	88536	por
53989	88598	por
54090	88699	por
54096	88705	por
54296	88905	por
54342	88951	por
49605	84214	porcentaje
50019	84628	
48719	83328	porque
50080	84689	porque
50540	85149	porque
50797	85406	porque
51006	85615	porque
52265	86874	porque
52592	87201	porque
53173	87782	posibilidad
51175	85784	posible
49981	84590	positivo
48592	83201	preciar
49374	83983	preciar
50063	84672	preciar
50702	85311	preciar
50733	85342	preciar
52536	87145	preciar
52638	87247	preciar
48669	83278	precio
52919	87528	precio
54357	88966	preferencia
51483	86092	
49199	83808	preguntar
54088	88697	
49325	83934	preparar
52204	86813	
53159	87768	
49312	83921	preparar
49060	83669	prepotente
53210	87819	
51918	86527	presentar
51121	85730	
53965	88574	
50871	85480	prestar
49076	83685	prestar
49571	84180	prestar
53411	88020	1
50550	85159	1
49386	83995	principal
53886	88495	privacidad
50317	84926	problema
53455	88064	problema
52713	87322	problema
53078	87687	problema
51910	86519	procesar
51581	86190	producto
54406	89015	
49959	84568	programa
53812	88421	
50196	84805	prohibir
51647	86256	prohibir
48974	83583	pronto
49775	84384	pronto
50575	85184	propina
51205	85814	propio
50589	85198	proponer
50178	84787	
52984	87593	
52484	87093	proveedor
52172	86781	
53765	88374	
49420	84029	
49734	84343	
49971	84580	
48639	83248	poder
52700	87309	poder
53549	88158	poder
48737	83346	poder
48629	83238	poder
48770	83379	poder
50380	84989	poder
50471	85080	poder
50795	85404	poder
50894	85503	poder
52950	87559	poder
50078	84687	poder
52519	87128	poder
54046	88655	poder
49651	84260	puerta
51976	86585	puerta
51183	85792	puerta
51476	86085	pues
51908	86517	pues
52220	86829	pues
53171	87780	pues
53446	88055	punta
53432	88041	puntada
51262	85871	q
48617	83226	que
48653	83262	que
48675	83284	que
48735	83344	que
48763	83372	que
48779	83388	que
48895	83504	que
48982	83591	que
48986	83595	que
49011	83620	que
49029	83638	que
49103	83712	que
49144	83753	que
49150	83759	que
49178	83787	que
49180	83789	que
49202	83811	que
49318	83927	que
49322	83931	que
49332	83941	que
49375	83984	que
49476	84085	que
49487	84096	que
49600	84209	que
49607	84216	que
49631	84240	que
49647	84256	que
49703	84312	que
49744	84353	que
49814	84423	que
49843	84452	que
49877	84486	que
50037	84646	que
50051	84660	que
50075	84684	que
50086	84695	que
50183	84792	que
50246	84855	que
50261	84870	que
50274	84883	que
50305	84914	que
50347	84956	que
50353	84962	que
50430	85039	que
50552	85161	que
50579	85188	que
50594	85203	que
50639	85248	que
50744	85353	que
50759	85368	que
50761	85370	que
50779	85388	que
50787	85396	que
50812	85421	que
50830	85439	que
50886	85495	que
50922	85531	que
50951	85560	que
50969	85578	que
50987	85596	que
50991	85600	que
51044	85653	que
51049	85658	que
51136	85745	que
51141	85750	que
51146	85755	que
51176	85785	que
51251	85860	que
51265	85874	que
51275	85884	que
51441	86050	que
51487	86096	que
51574	86183	que
51657	86266	que
51753	86362	que
51771	86380	que
51774	86383	que
51791	86400	que
51848	86457	que
51859	86468	que
51889	86498	que
51923	86532	que
51968	86577	que
51987	86596	que
52031	86640	que
52047	86656	que
52092	86701	que
52127	86736	que
52143	86752	que
52185	86794	que
52313	86922	que
52318	86927	que
52333	86942	que
52451	87060	que
52508	87117	que
52622	87231	que
52743	87352	que
52795	87404	que
52831	87440	que
52841	87450	que
52860	87469	que
52946	87555	que
52960	87569	que
53019	87628	que
53093	87702	que
53178	87787	que
53236	87845	que
53339	87948	que
53424	88033	que
53459	88068	que
53483	88092	que
53546	88155	que
53594	88203	que
53726	88335	que
53908	88517	que
53912	88521	que
53928	88537	que
54095	88704	que
54098	88707	que
54102	88711	que
54137	88746	que
54171	88780	que
54175	88784	que
54184	88793	que
54287	88896	que
54343	88952	que
54345	88954	que
54354	88963	que
54388	88997	que
54399	89008	que
50270	84879	quedar
52107	86716	quedar
49257	83866	
53903	88512	queja
51807	86416	querer
48936	83545	queso
54005	88614	quien
50888	85497	
51014	85623	
50294	84903	radiar
50415	85024	
49668	84277	
50118	84727	
52647	87256	
51381	85990	raro
50605	85214	rato
51212	85821	rato
51315	85924	rato
52547	87156	realidad
53101	87710	realizar
49906	84515	realizar
52438	87047	realizar
52806	87415	
50356	84965	recalentar
48703	83312	
49961	84570	
52882	87491	
54177	88786	recepcionista
50240	84849	recipiente
49629	84238	reclamación
54300	88909	recomendable
51083	85692	recomendación
51881	86490	recomendación
53371	87980	recomendado
48738	83347	recomendar
51398	86007	recomendar
50476	85085	
53163	87772	recomendar
54174	88783	recomendar
52974	87583	recomendar
48684	83293	
48721	83330	recurso
50745	85354	reducir
50729	85338	reducir
53963	88572	reducir
53975	88584	reducir
53243	87852	reembolsar
49185	83794	
48745	83354	referir
54262	88871	refrigerador
50179	84788	
53125	87734	
48927	83536	regular
49435	84044	regular
49993	84602	regular
51034	85643	regular
51094	85703	regular
51109	85718	regular
52104	86713	regular
52534	87143	regular
53572	88181	regular
49371	83980	regular
50306	84915	regular
53208	87817	
50610	85219	
49774	84383	
50864	85473	
53794	88403	remodelar
54077	88686	remoto
53530	88139	
52802	87411	reparación
53838	88447	
49459	84068	repisa
53701	88310	repisa
52732	87341	
53556	88165	
49539	84148	requerir
49973	84582	requerir
51352	85961	requerir
50965	85574	
48811	83420	re
50301	84910	
53469	88078	resbaladizo
53637	88246	resbaloso
50947	85556	reserva
52589	87198	reserva
53500	88109	reserva
50993	85602	reservar
49907	84516	reserva
50348	84957	resistir
50061	84670	respectar
54185	88794	respetar
48620	83229	respetar
49256	83865	respetar
52250	86859	respetar
51151	85760	respirar
54169	88778	respuesta
49405	84014	respuesta
49368	83977	restaurante
49385	83994	restaurante
49543	84152	restaurante
49935	84544	restaurante
50194	84803	restaurante
50364	84973	restaurante
50412	85021	restaurante
50669	85278	restaurante
50808	85417	restaurante
51498	86107	restaurante
51526	86135	restaurante
52073	86682	restaurante
53051	87660	restaurante
53085	87694	restaurante
53604	88213	restaurante
53625	88234	restaurante
54029	88638	restaurante
54216	88825	restaurante
54415	89024	restaurante
50654	85263	restaurante
51785	86394	restar
53658	88267	
49251	83860	resumir
53057	87666	
49497	84106	revisar
49881	84490	revisar
50576	85185	revisar
50895	85504	revisar
51110	85719	revisar
51434	86043	revisar
51823	86432	revisar
54298	88907	revisar
52488	87097	
50131	84740	rodilla
54126	88735	
48958	83567	
52080	86689	
53022	87631	
49496	84105	ropa
50492	85101	ropa
53421	88030	ropa
54327	88936	ropa
50533	85142	rosa
54141	88750	rosa
50284	84893	romper
48848	83457	romper
50133	84742	ruido
52270	86879	ruido
54032	88641	ruido
54373	88982	ruido
51472	86081	ruido
53325	87934	ruidoso
50919	85528	rutina
49073	83682	saber
51256	85865	sabio
53161	87770	sabor
50580	85189	saca
50507	85116	sacar
50331	84940	sala
53342	87951	sala
48932	83541	
49005	83614	
51322	85931	salar
53505	88114	salida
53906	88515	salida
49012	83621	salir
50419	85028	salir
52875	87484	salir
51597	86206	salsa
54334	88943	saludable
48582	83191	saludar
49052	83661	salvavidas
54063	88672	salvavidas
53231	87840	sanar
53451	88060	sangrado
53310	87919	sanitario
51119	85728	sanitario
52418	87027	sanitario
53141	87750	sanitario
50532	85141	santo
50618	85227	
49027	83636	
51063	85672	
48594	83203	se
48725	83334	se
48736	83345	se
48768	83377	se
48971	83580	se
49247	83856	se
49491	84100	se
49518	84127	se
49787	84396	se
49884	84493	se
50002	84611	se
50077	84686	se
50189	84798	se
50355	84964	se
50358	84967	se
50595	85204	se
50660	85269	se
50697	85306	se
50798	85407	se
50858	85467	se
50946	85555	se
50988	85597	se
51015	85624	se
51024	85633	se
51150	85759	se
51309	85918	se
51321	85930	se
51326	85935	se
51516	86125	se
51561	86170	se
51776	86385	se
51817	86426	se
51969	86578	se
52024	86633	se
52128	86737	se
52144	86753	se
52397	87006	se
52436	87045	se
53007	87616	se
53162	87771	se
53227	87836	se
53237	87846	se
53361	87970	se
53437	88046	se
53440	88049	se
53630	88239	se
53683	88292	se
53697	88306	se
53747	88356	se
54173	88782	se
54402	89011	se
51891	86500	sea
53484	88093	sea
53709	88318	sea
54178	88787	ser
50393	85002	secador
51997	86606	secador
49415	84024	2
50502	85111	2
52373	86982	2
54114	88723	2
49264	83873	seguridad
51180	85789	seguridad
52076	86685	seguridad
53166	87775	seguridad
53153	87762	seleccionar
52635	87244	sencillo
52649	87258	sencillo
52025	86634	
50206	84815	sentido
50664	85273	sentido
50538	85147	sentir
51318	85927	sentir
54247	88856	
48987	83596	ser
49179	83788	ser
49181	83790	ser
49593	84202	ser
49715	84324	ser
50043	84652	ser
50052	84661	ser
50439	85048	ser
50834	85443	ser
50876	85485	ser
52305	86914	ser
52951	87560	ser
50201	84810	sera
48868	83477	seriar
50244	84853	seriar
51712	86321	seriar
51772	86381	seriar
51985	86594	seriar
52066	86675	seriar
52478	87087	seriar
52568	87177	seriar
52822	87431	seriar
54352	88961	seriar
52081	86690	
53023	87632	
48959	83568	
48695	83304	servicio
48993	83602	servicio
49078	83687	servicio
49153	83762	servicio
49293	83902	servicio
49299	83908	servicio
49394	84003	servicio
49708	84317	servicio
49766	84375	servicio
50328	84937	servicio
50338	84947	servicio
50446	85055	servicio
50484	85093	servicio
50666	85275	servicio
50674	85283	servicio
50806	85415	servicio
50870	85479	servicio
51118	85727	servicio
51297	85906	servicio
51339	85948	servicio
51506	86115	servicio
51619	86228	servicio
51634	86243	servicio
51824	86433	servicio
51877	86486	servicio
51978	86587	servicio
52002	86611	servicio
52280	86889	servicio
52311	86920	servicio
52530	87139	servicio
52541	87150	servicio
52651	87260	servicio
52730	87339	servicio
53014	87623	servicio
53083	87692	servicio
53213	87822	servicio
53482	88091	servicio
53487	88096	servicio
53623	88232	servicio
53712	88321	servicio
53717	88326	servicio
53883	88492	servicio
53951	88560	servicio
53959	88568	servicio
54214	88823	servicio
48784	83393	servicio
48826	83435	servicio
49124	83733	servicio
49160	83769	servicio
52122	86731	servicio
52140	86749	servicio
53143	87752	servicio
53188	87797	servicio
49573	84182	
48999	83608	servir
49138	83747	servir
48941	83550	
49792	84401	servir
50688	85297	servir
50029	84638	
51157	85766	señal
52009	86618	señal
52392	87001	señal
51172	85781	
50441	85050	señor
52486	87095	
49235	83844	si
49323	83932	si
50994	85603	si
51252	85861	si
51340	85949	si
52609	87218	ser
50521	85130	siempre
50930	85539	siempre
51816	86425	siempre
53463	88072	ser
50174	84783	
53708	88317	
48780	83389	seguir
53462	88071	seguir
53648	88257	silla
48817	83426	simple
53311	87920	simular
49090	83699	sin
49265	83874	sin
49838	84447	sin
50010	84619	sin
50110	84719	sin
51120	85729	sin
51184	85793	sin
51192	85801	sin
51426	86035	sin
51864	86473	sin
52377	86986	sin
52893	87502	sin
53284	87893	sin
50176	84785	servir
52231	86840	servir
50007	84616	servir
50694	85303	servir
49781	84390	sistema
50940	85549	sistema
52525	87134	sistema
49439	84048	sitiar
52587	87196	sitiar
54055	88664	sobrar
54407	89016	sobretodo
53565	88174	social
53627	88236	solicitar
49159	83768	solicitar
51364	85973	solicitar
53725	88334	solicitar
54165	88774	solicitar
53002	87611	solicitud
51473	86082	
49646	84255	solo
50970	85579	solo
51397	86006	solo
51521	86130	solo
51595	86204	solo
51700	86309	solo
51770	86379	solo
52465	87074	solo
52695	87304	solo
52912	87521	solo
53038	87647	solo
53077	87686	solucionar
53453	88062	solucionar
51517	86126	solucionar
49134	83743	
48820	83429	sombrilla
50525	85134	ser
51503	86112	ser
48884	83493	ser
50105	84714	ser
50619	85228	ser
51895	86504	ser
53288	87897	ser
53431	88040	ser
54158	88767	ser
54181	88790	ser
51596	86205	
49102	83711	
53881	88490	sostenibilidad
50878	85487	ser
49688	84297	
50383	84992	
51606	86215	
52653	87262	
51178	85787	
54199	88808	
49613	84222	
49055	83664	
48793	83402	su
49520	84129	su
51019	85628	su
54405	89014	su
50124	84733	subida
53509	88118	subir
53924	88533	subir
54206	88815	subir
49211	83820	suceder
48858	83467	sucio
48842	83451	sucio
49992	84601	sucio
53394	88003	sucio
49949	84558	
51790	86399	sugerencia
53123	87732	sugerencia
50195	84804	sugerir
51691	86300	sugerir
51741	86350	suma
53537	88146	suministrar
50709	85318	super
51788	86397	super
48968	83577	superior
51783	86392	superior
51040	85649	supervisor
50989	85598	suponer
52330	86939	su
53063	87672	t
49525	84134	taco
52303	86912	tal
53109	87718	
49149	83758	tampoco
49568	84177	tan
50046	84655	tan
50276	84885	tan
50734	85343	tan
52639	87248	tan
48909	83518	tanto
50873	85482	tanto
52814	87423	tanto
53328	87937	tanto
53757	88366	tanto
50231	84840	tapar
53785	88394	tapete
48841	83450	tapete
52411	87020	
50816	85425	taquilla
48623	83232	tarifa
50893	85502	tarifa
51573	86182	techar
54117	88726	techar
48855	83464	telaraña
52023	86632	telaraña
49396	84005	
52708	87317	
52742	87351	
52527	87136	
53988	88597	
54073	88682	televisor
51894	86503	televisor
52506	87115	televisor
54060	88669	televisor
51111	85720	tema
53522	88131	temporada
50385	84994	temprano
51495	86104	
53836	88445	
49177	83786	
50923	85532	tener
51533	86142	tener
48819	83428	tener
48840	83449	tener
49296	83905	tener
49471	84080	tener
49523	84132	tener
49554	84163	tener
49974	84583	tener
50302	84911	tener
50472	85081	tener
51039	85648	tener
51462	86071	tener
51489	86098	tener
51628	86237	tener
51714	86323	tener
52262	86871	tener
52445	87054	tener
52556	87165	tener
52687	87296	tener
52975	87584	tener
52981	87590	tener
53403	88012	tener
53456	88065	tener
53716	88325	tener
54049	88658	tener
50857	85466	
48985	83594	tener
51577	86186	tener
52964	87573	tener
54105	88714	tener
54288	88897	tener
49627	84236	tener
48924	83533	tenia
49512	84121	tenia
51455	86064	tenia
52745	87354	tenia
51294	85903	
52656	87265	
50090	84699	
52600	87209	
53097	87706	
51239	85848	
52657	87266	terapia
49899	84508	termal
52035	86644	termal
50530	85139	termal
50901	85510	termal
51767	86376	termal
53011	87620	termal
53544	88153	termal
50696	85305	terminar
49778	84387	terrible
49772	84381	
52237	86846	
53525	88134	tibia
50874	85483	tiempo
52472	87081	tiempo
53068	87677	tiempo
53993	88602	tiempo
52202	86811	tiempo
52997	87606	tiempo
53815	88424	tiempo
49065	83674	tener
49936	84545	tener
50036	84645	tener
50050	84659	tener
51442	86051	tener
52712	87321	tener
53268	87877	tener
50260	84869	tener
50685	85294	tener
50780	85389	tener
51994	86603	tierra
50256	84865	tina
49106	83715	tintar
49478	84087	tintar
49706	84315	tintar
51964	86573	tintar
52863	87472	tintar
52885	87494	tintar
51991	86600	
49049	83658	tipo
49583	84192	tipo
51485	86094	tipo
51605	86214	tipo
53034	87643	tipo
51313	85922	toalla
48847	83456	toalla
49272	83881	toalla
51237	85846	toalla
51299	85908	toalla
51377	85986	toalla
51644	86253	toalla
51724	86333	toalla
51202	85811	tocar
51287	85896	tocar
52750	87359	tocar
49823	84432	todo
51928	86537	todo
53872	88481	todo
51394	86003	todo
52961	87570	todo
52971	87580	todo
48645	83254	todo
48696	83305	todo
48880	83489	todo
48983	83592	todo
49854	84463	todo
49955	84564	todo
50478	85087	todo
50566	85175	todo
50902	85511	todo
50942	85551	todo
51102	85711	todo
51668	86277	todo
51812	86421	todo
51830	86439	todo
52179	86788	todo
52188	86797	todo
52362	86971	todo
52434	87043	todo
52849	87458	todo
53033	87642	todo
53377	87986	todo
53386	87995	todo
53847	88456	todo
51224	85833	todo
51853	86462	todo
52498	87107	todo
53155	87764	todo
53344	87953	toldillo
53192	87801	tomar
50341	84950	toma
54316	88925	toma
48934	83543	tomate
54123	88732	tomar
51053	85662	trabajar
50833	85442	trabajar
52618	87227	tradicional
48659	83268	traer
49039	83648	traje
52042	86651	tranquilidad
53327	87936	transitar
50824	85433	trata
53514	88123	tratar
53973	88582	tratar
51348	85957	
51779	86388	tubo
49288	83897	turismo
53775	88384	turismo
52813	87422	turista
53755	88364	
52453	87062	
53021	87630	tener
49010	83619	tener
51137	85746	tener
53868	88477	tener
54344	88953	tener
48631	83240	
48691	83300	
49883	84492	
49953	84562	
51159	85768	
51825	86434	
52747	87356	
54310	88919	
54308	88917	ubicación
48777	83386	ultimar
48655	83264	uno
48975	83584	uno
49051	83660	uno
49077	83686	uno
49105	83714	uno
49136	83745	uno
49278	83887	uno
49414	84023	uno
49562	84171	uno
49603	84212	uno
49695	84304	uno
49795	84404	uno
49860	84469	uno
49862	84471	uno
50044	84653	uno
50184	84793	uno
50208	84817	uno
50272	84881	uno
50297	84906	uno
50349	84958	uno
50401	85010	uno
50473	85082	uno
50604	85213	uno
50767	85376	uno
51091	85700	uno
51185	85794	uno
51210	85819	uno
51466	86075	uno
51602	86211	uno
52669	87278	uno
52738	87347	uno
52887	87496	uno
52908	87517	uno
52911	87520	uno
53320	87929	uno
53404	88013	uno
53448	88057	uno
53657	88266	uno
54026	88635	uno
54124	88733	uno
54261	88870	uno
54315	88924	uno
48622	83231	unir
49228	83837	unir
49253	83862	unir
49285	83894	unir
49457	84066	unir
49465	84074	unir
49801	84410	unir
50093	84702	unir
50252	84861	unir
50303	84912	unir
51193	85802	unir
51411	86020	unir
51820	86429	unir
51919	86528	unir
52247	86856	unir
52295	86904	unir
52690	87299	unir
52957	87566	unir
53165	87774	unir
53175	87784	unir
53271	87880	unir
53308	87917	unir
53341	87950	unir
53647	88256	unir
54256	88865	unir
54289	88898	unir
54302	88911	unir
54389	88998	unir
49004	83613	unir
52233	86842	unir
50316	84925	
51134	85743	
52046	86655	
53309	87918	unidad
48772	83381	unir
49725	84334	unir
52511	87120	unir
48668	83277	uno
50346	84955	uno
49747	84356	usar
48726	83335	usar
48822	83431	usar
49521	84130	usar
48888	83497	usted
52816	87425	usted
49146	83755	usual
52200	86809	usuario
48864	83473	
49867	84476	valor
49875	84484	valor
53492	88101	valor
52414	87023	
49092	83701	
48978	83587	variar
49345	83954	vario
50545	85154	vario
52565	87174	vario
53777	88386	vario
49550	84159	variedad
49682	84291	variedad
50368	84977	variedad
51528	86137	variedad
52558	87167	variedad
52642	87251	variedad
53041	87650	variedad
53046	87655	variedad
54380	88989	variedad
50288	84897	vaso
51630	86239	vaso
48972	83581	ir
50698	85307	ir
50546	85155	vez
50897	85506	vez
54083	88692	vez
52580	87189	vegetariano
54220	88829	vegetariano
52582	87191	
53513	88122	vehicular
51557	86166	
48708	83317	
49956	84565	venir
53748	88357	vendar
53759	88368	vendar
51679	86288	vengar
49821	84430	
52563	87172	venir
50543	85152	venir
52186	86795	venir
50926	85535	venir
52691	87300	ventana
52378	86987	
53337	87946	
49696	84305	ventilador
48630	83239	ver
52520	87129	ver
48627	83236	verdad
48651	83260	verdad
50536	85145	verdad
53670	88279	verdad
51475	86084	verde
49753	84362	
50111	84720	
51692	86301	
54027	88636	
49733	84342	
53393	88002	
52688	87297	
50551	85160	vez
51261	85870	vez
51681	86290	vez
52184	86793	vez
52304	86913	vez
51851	86460	viajar
50268	84877	vida
52263	86872	vidrio
48886	83495	viejo
49817	84426	venir
51777	86386	ver
51656	86265	vigilar
49344	83953	ver
49283	83892	venir
50559	85168	venir
53936	88545	venir
53877	88486	visible
50822	85431	visitante
51659	86268	visitante
54401	89010	visitante
50114	84723	ver
51417	86026	
49887	84496	volumen
50836	85445	volver
50938	85547	volver
51038	85647	volver
52110	86719	volver
50404	85013	volver
52180	86789	volver
49903	84512	web
48961	83570	
49692	84301	
50432	85041	
50496	85105	
52011	86620	
52225	86834	
52394	87003	
53471	88080	
54242	88851	
54283	88892	
48607	83216	y
48637	83246	y
48663	83272	y
48667	83276	y
48672	83281	y
48732	83341	y
48743	83352	y
48767	83376	y
48789	83398	y
48803	83412	y
48807	83416	y
48816	83425	y
48818	83427	y
48846	83455	y
48872	83481	y
48889	83498	y
48940	83549	y
48953	83562	y
48969	83578	y
49059	83668	y
49071	83680	y
49085	83694	y
49100	83709	y
49109	83718	y
49127	83736	y
49157	83766	y
49166	83775	y
49212	83821	y
49217	83826	y
49298	83907	y
49309	83918	y
49363	83972	y
49417	84026	y
49456	84065	y
49474	84083	y
49514	84123	y
49526	84135	y
49544	84153	y
49564	84173	y
49626	84235	y
49644	84253	y
49678	84287	y
49683	84292	y
49686	84295	y
49741	84350	y
49764	84373	y
49799	84408	y
49820	84429	y
49837	84446	y
49880	84489	y
49914	84523	y
49924	84533	y
49933	84542	y
50001	84610	y
50006	84615	y
50018	84627	y
50025	84634	y
50032	84641	y
50109	84718	y
50112	84721	y
50164	84773	y
50228	84837	y
50238	84847	y
50251	84860	y
50287	84896	y
50293	84902	y
50312	84921	y
50361	84970	y
50369	84978	y
50413	85022	y
50433	85042	y
50467	85076	y
50516	85125	y
50534	85143	y
50544	85153	y
50547	85156	y
50563	85172	y
50572	85181	y
50611	85220	y
50624	85233	y
50683	85292	y
50689	85298	y
50715	85324	y
50736	85345	y
50749	85358	y
50793	85402	y
50801	85410	y
50848	85457	y
50881	85490	y
50929	85538	y
50957	85566	y
50962	85571	y
50974	85583	y
50996	85605	y
51021	85630	y
51028	85637	y
51048	85657	y
51052	85661	y
51066	85675	y
51070	85679	y
51090	85699	y
51105	85714	y
51117	85726	y
51207	85816	y
51232	85841	y
51234	85843	y
51249	85858	y
51272	85881	y
51274	85883	y
51293	85902	y
51308	85917	y
51349	85958	y
51356	85965	y
51382	85991	y
51387	85996	y
51409	86018	y
51429	86038	y
51438	86047	y
51445	86054	y
51454	86063	y
51474	86083	y
51514	86123	y
51545	86154	y
51567	86176	y
51586	86195	y
51598	86207	y
51631	86240	y
51650	86259	y
51726	86335	y
51764	86373	y
51801	86410	y
51809	86418	y
51840	86449	y
51855	86464	y
51887	86496	y
51916	86525	y
51947	86556	y
52022	86631	y
52040	86649	y
52044	86653	y
52065	86674	y
52072	86681	y
52100	86709	y
52151	86760	y
52187	86796	y
52196	86805	y
52201	86810	y
52203	86812	y
52208	86817	y
52212	86821	y
52215	86824	y
52232	86841	y
52278	86887	y
52287	86896	y
52293	86902	y
52324	86933	y
52376	86985	y
52425	87034	y
52487	87096	y
52517	87126	y
52523	87132	y
52542	87151	y
52555	87164	y
52567	87176	y
52581	87190	y
52590	87199	y
52633	87242	y
52648	87257	y
52662	87271	y
52665	87274	y
52671	87280	y
52676	87285	y
52720	87329	y
52724	87333	y
52763	87372	y
52772	87381	y
52803	87412	y
52817	87426	y
52834	87443	y
52839	87448	y
52852	87461	y
52864	87473	y
52899	87508	y
52914	87523	y
52924	87533	y
52949	87558	y
52980	87589	y
53090	87699	y
53150	87759	y
53160	87769	y
53198	87807	y
53206	87815	y
53229	87838	y
53264	87873	y
53303	87912	y
53307	87916	y
53322	87931	y
53348	87957	y
53373	87982	y
53395	88004	y
53407	88016	y
53416	88025	y
53433	88042	y
53439	88048	y
53450	88059	y
53508	88117	y
53529	88138	y
53555	88164	y
53610	88219	y
53618	88227	y
53626	88235	y
53629	88238	y
53638	88247	y
53640	88249	y
53668	88277	y
53685	88294	y
53699	88308	y
53705	88314	y
53738	88347	y
53744	88353	y
53767	88376	y
53772	88381	y
53784	88393	y
53860	88469	y
53934	88543	y
53939	88548	y
53942	88551	y
53972	88581	y
53991	88600	y
54002	88611	y
54018	88627	y
54022	88631	y
54030	88639	y
54040	88649	y
54042	88651	y
54071	88680	y
54078	88687	y
54084	88693	y
54116	88725	y
54127	88736	y
54142	88751	y
54164	88773	y
54167	88776	y
54197	88806	y
54217	88826	y
54230	88839	y
54241	88850	y
54246	88855	y
54275	88884	y
54284	88893	y
54305	88914	y
54314	88923	y
54331	88940	y
54371	88980	y
54413	89022	y
48749	83358	ya
48762	83371	ya
49197	83806	ya
49599	84208	ya
49630	84239	ya
49813	84422	ya
50352	84961	ya
50786	85395	ya
50950	85559	ya
51357	85966	ya
51752	86361	ya
51847	86456	ya
52312	86921	ya
52332	86941	ya
52507	87116	ya
52610	87219	ya
52621	87230	ya
52677	87286	ya
52830	87439	ya
52945	87554	ya
53177	87786	ya
53545	88154	ya
53734	88343	ya
53789	88398	ya
50828	85437	
49236	83845	yo
50591	85200	
49504	84113	zona
49898	84507	zona
50156	84765	zona
50253	84862	zona
51405	86014	zona
50026	84635	zona
54385	88994	¡
