ID_Word	ID_Lemma	Lemma
40911	75520	"
40952	75561	"
41145	75754	,
41690	76299	,
42154	76763	,
42558	77167	,
42566	77175	,
42583	77192	,
42741	77350	,
42903	77512	,
42081	76690	
42673	77282	
42678	77287	
42950	77559	
41754	76363	
41756	76365	
43149	77758	
40924	75533	
41433	76042	
43174	77783	
41302	75911	
41977	76586	
41451	76060	
41853	76462	
41873	76482	
42042	76651	
43320	77929	
41237	75846	
41894	76503	
42697	77306	
42180	76789	
42410	77019	
42728	77337	
43376	77985	
42731	77340	
41323	75932	
41677	76286	
42719	77328	
41240	75849	
42571	77180	
41332	75941	
40932	75541	;
40941	75550	;
40982	75591	a
41011	75620	a
41314	75923	a
41431	76040	a
41447	76056	a
41521	76130	a
41614	76223	a
41732	76341	a
41736	76345	a
41975	76584	a
42067	76676	a
42265	76874	a
42473	77082	a
42576	77185	a
42628	77237	a
42979	77588	a
43120	77729	a
43143	77752	a
43147	77756	a
43152	77761	a
43170	77779	a
43200	77809	a
43312	77921	a
43476	78085	a
41678	76287	
40927	75536	abeja
41464	76073	abertura
42316	76925	abrir
41955	76564	abrir
41555	76164	abrir
43417	78026	acceder
43142	77751	acceder
41126	75735	accesible
43116	77725	acceso
43316	77925	accidentar
43328	77937	accidentar
41620	76229	aceptar
40915	75524	
42173	76782	
43287	77896	acogedor
42403	77012	acoger
43330	77939	acompañante
41613	76222	acordar
42441	77050	acordar
42751	77360	adecuar
40875	75484	adema
41182	75791	adema
41816	76425	adema
42095	76704	adema
43259	77868	adema
42416	77025	adicional
42435	77044	adicional
42750	77359	adicional
42535	77144	administrador
41854	76463	adulto
43027	77636	afectado
41580	76189	afirmar
41804	76413	agotar
41967	76576	agua
41973	76582	agua
42279	76888	agua
43427	78036	agua
43445	78054	agua
41329	75938	
42453	77062	ahora
40936	75545	ajustar
41119	75728	a+el
41127	75736	a+el
41198	75807	a+el
41498	76107	a+el
41652	76261	a+el
41858	76467	a+el
41860	76469	a+el
42044	76653	a+el
42260	76869	a+el
42631	77240	a+el
42808	77417	a+el
43117	77726	a+el
43236	77845	a+el
43418	78027	a+el
43422	78031	a+el
43046	77655	
41015	75624	algo
42555	77164	algo
41596	76205	
42836	77445	alguno
41423	76032	alguno
42976	77585	alguno
41251	75860	alguno
41564	76173	
42193	76802	
41181	75790	alimenticio
41724	76333	alimento
42522	77131	alimento
42688	77297	alimento
41413	76022	
43460	78069	
42320	76929	
41203	75812	almohada
42565	77174	almorzar
42261	76870	almorzar
42546	77155	almorzar
41039	75648	alojamiento
42659	77268	alojamiento
42718	77327	alquilar
41248	75857	alta
43071	77680	
41147	75756	alternativa
41448	76057	
40983	75592	alto
43477	78086	alto
41452	76061	
41571	76180	amabilidad
42561	77170	amabilidad
42643	77252	amable
41712	76321	ambientar
42144	76753	ambientar
42769	77378	ambientar
43104	77713	ambientar
40964	75573	amblar
42140	76749	amigable
42765	77374	
43449	78058	
42813	77422	anca
41526	76135	
42491	77100	
41818	76427	anotar
41719	76328	
42304	76913	
42512	77121	
42011	76620	antes
42542	77151	antes
43105	77714	
43357	77966	aplicar
43041	77650	
42047	76656	aquí
42222	76831	aquí
41954	76563	
41686	76295	
41791	76400	
43184	77793	
42910	77519	
42028	76637	
41583	76192	arriba
43239	77848	ascensor
42362	76971	asear
42427	77036	
42868	77477	
43006	77615	
41295	75904	
40958	75567	
41386	75995	
41589	76198	
41700	76309	
41986	76595	
42021	76630	
42149	76758	
42296	76905	
42371	76980	
42782	77391	
42953	77562	
43336	77945	
40999	75608	atención
41093	75702	atender
42681	77290	atender
41229	75838	atender
42594	77203	
42640	77249	
42960	77569	atentar
42884	77493	
42907	77516	ave
43226	77835	avisar
41047	75656	ayuda
42045	76654	año
41303	75912	año
42181	76790	año
41912	76521	
42852	77461	
40886	75495	bandeja
42018	76627	bar
42746	77355	
43387	77996	bastante
41683	76292	basura
41971	76580	
40948	75557	bañar
41272	75881	bañar
42709	77318	bañar
43267	77876	bañar
43385	77994	bañar
43443	78052	bañar
42366	76975	baño
42917	77526	baño
41675	76284	beber
42375	76984	beber
41913	76522	
42378	76987	bien
43412	78021	bien
42135	76744	bloqueador
42293	76902	bonito
41844	76453	
43479	78088	borracho
41426	76035	botella
41591	76200	bueno
42212	76821	bueno
41064	75673	bueno
42295	76904	bueno
42402	77011	bueno
42604	77213	bueno
42838	77447	bueno
42952	77561	bueno
41006	75615	bueno
41345	75954	bueno
42309	76918	bueno
42431	77040	bueno
42456	77065	bueno
42989	77598	bueno
43265	77874	bueno
43371	77980	bueno
42105	76714	bufet
42554	77163	
42097	76706	
42496	77105	bulla
43042	77651	buscar
42630	77239	
43473	78082	cabaña
41817	76426	cabe
41764	76373	cabellar
42855	77464	cabellar
41062	75671	cable
41193	75802	cada
41211	75820	cada
43420	78029	cada
42066	76675	
42036	76645	cafetero
43360	77969	café
41739	76348	caja
41897	76506	
43085	77694	
42596	77205	calidad
42617	77226	calidad
43363	77972	calidad
41485	76094	calentar
41968	76577	
41361	75970	cama
42478	77087	
41190	75799	cambiada
41214	75823	cambiar
42889	77498	cambiar
41372	75981	cambiar
42243	76852	cambiar
42533	77142	cambiar
41289	75898	caminata
41616	76225	cantidad
42002	76611	
42257	76866	
41631	76240	capacidad
42161	76770	carecer
41922	76531	carne
41411	76020	carne
41524	76133	
42236	76845	casa
42794	77403	casa
42302	76911	cascada
41545	76154	causa
41834	76443	cayo
41909	76518	cena
42668	77277	cena
41776	76385	cera
41144	75753	cereal
42157	76766	
40883	75492	
40877	75486	
43196	77805	chocolate
41430	76039	cerrar
41089	75698	cita
41060	75669	clasista
40895	75504	
41600	76209	cliente
41653	76262	cliente
41161	75770	cliente
40990	75599	cobija
42090	76699	
42061	76670	cobrar
40902	75511	
42545	77154	cocina
42568	77177	
42580	77189	
42873	77482	colgar
41491	76100	colocar
42136	76745	color
43347	77956	columna
42905	77514	comedero
42077	76686	comedor
42807	77416	comedor
41668	76277	comer
41077	75686	comestible
41025	75634	comedir
41033	75642	comedir
41068	75677	comedir
41071	75680	comedir
41397	76006	comedir
41951	76560	comedir
42267	76876	comedir
42615	77224	comedir
42676	77285	comedir
42962	77571	comedir
43082	77691	comedir
41101	75710	comedir
42016	76625	comedir
42156	76765	comedir
42373	76982	comedir
43255	77864	comedir
43146	77755	comer
41143	75752	comer
41349	75958	comer
41594	76203	comer
41958	76567	comer
42010	76619	comer
42058	76667	comer
42451	77060	comer
42570	77179	comer
42792	77401	comer
42869	77478	comer
42887	77496	comer
43416	78025	comer
42339	76948	
42911	77520	común
41018	75627	con
41050	75659	con
41098	75707	con
41266	75875	con
41318	75927	con
41541	76150	con
41547	76156	con
41569	76178	con
41598	76207	con
41673	76282	con
41864	76473	con
41972	76581	con
42141	76750	con
42176	76785	con
42595	77204	con
42613	77222	con
42708	77317	con
42766	77375	con
42925	77534	con
43353	77962	con
43393	78002	con
42529	77138	
41539	76148	confirmar
41847	76456	
42049	76658	conocer
41250	75859	
41261	75870	considerando
43294	77903	considerar
43318	77927	constancia
41510	76119	
42577	77186	consumir
41197	75806	
42363	76972	continuo
42126	76735	control
42598	77207	
40966	75575	cordial
42226	76835	cordial
43358	77967	
41216	75825	cosa
41948	76557	cosa
42349	76958	cosa
42847	77456	cosita
42819	77428	
41353	75962	costoso
41041	75650	costoso
41604	76213	creativo
42274	76883	crema
41139	75748	crear
41705	76314	crear
41348	75957	
41108	75717	cual
43309	77918	cual
42100	76709	cualquiera
40878	75487	cuando
41501	76110	cuando
41722	76331	cuando
42518	77127	cuando
42574	77183	cuando
42120	76729	cuanto
41231	75840	4
42850	77459	4
41265	75874	
42121	76730	cucaracha
43436	78045	cuerpo
42013	76622	
43101	77710	cuidar
42353	76962	cuidar
42815	77424	
41628	76237	dar
42289	76898	dañar
40887	75496	de
40898	75507	de
40916	75525	de
40921	75530	de
40944	75553	de
40979	75588	de
41022	75631	de
41063	75672	de
41083	75692	de
41135	75744	de
41148	75757	de
41159	75768	de
41192	75801	de
41210	75819	de
41234	75843	de
41241	75850	de
41309	75918	de
41373	75982	de
41394	76003	de
41488	76097	de
41536	76145	de
41582	76191	de
41612	76221	de
41617	76226	de
41632	76241	de
41642	76251	de
41676	76285	de
41682	76291	de
41687	76296	de
41693	76302	de
41701	76310	de
41716	76325	de
41727	76336	de
41740	76349	de
41742	76351	de
41763	76372	de
41800	76409	de
41809	76418	de
41843	76452	de
41880	76489	de
41901	76510	de
41942	76551	de
41997	76606	de
42014	76623	de
42025	76634	de
42074	76683	de
42084	76693	de
42127	76736	de
42162	76771	de
42166	76775	de
42172	76781	de
42247	76856	de
42334	76943	de
42372	76981	de
42390	76999	de
42417	77026	de
42440	77049	de
42468	77077	de
42475	77084	de
42534	77143	de
42556	77165	de
42581	77190	de
42587	77196	de
42625	77234	de
42633	77242	de
42658	77267	de
42672	77281	de
42687	77296	de
42694	77303	de
42705	77314	de
42716	77325	de
42785	77394	de
42800	77409	de
42806	77415	de
42812	77421	de
42818	77427	de
42823	77432	de
42825	77434	de
42829	77438	de
42843	77452	de
42865	77474	de
42893	77502	de
42898	77507	de
42915	77524	de
42934	77543	de
43045	77654	de
43047	77656	de
43050	77659	de
43055	77664	de
43081	77690	de
43126	77735	de
43135	77744	de
43162	77771	de
43185	77794	de
43194	77803	de
43212	77821	de
43227	77836	de
43229	77838	de
43233	77842	de
43254	77863	de
43280	77889	de
43292	77901	de
43297	77906	de
43340	77949	de
43346	77955	de
43361	77970	de
43395	78004	de
43415	78024	de
43470	78079	de
41026	75635	debe
42699	77308	debe
41188	75797	deber
41978	76587	deber
42710	77319	deber
43014	77623	deber
43062	77671	deber
43113	77722	deber
41282	75891	
42627	77236	
42130	76739	
43178	77787	
43077	77686	
43279	77888	
41935	76544	
41568	76177	deficiente
40970	75579	
42723	77332	
42326	76935	dejar
42724	77333	dejar
42880	77489	dejar
42313	76922	dejar
41460	76069	dejar
41513	76122	dejar
41298	75907	dejar
43317	77926	dejar
43457	78066	
40947	75556	de+el
40961	75570	de+el
41002	75611	de+el
41038	75647	de+el
41048	75657	de+el
41307	75916	de+el
41354	75963	de+el
41468	76077	de+el
41607	76216	de+el
41710	76319	de+el
41792	76401	de+el
41811	76420	de+el
41991	76600	de+el
42076	76685	de+el
42102	76711	de+el
42219	76828	de+el
42497	77106	de+el
42599	77208	de+el
42621	77230	de+el
42941	77550	de+el
43238	77847	de+el
43301	77910	de+el
43305	77914	de+el
43331	77940	de+el
43338	77947	de+el
43444	78053	de+el
42963	77572	delicioso
42209	76818	delicioso
40987	75596	
41559	76168	
42945	77554	
42745	77354	demasiado
41507	76116	demora
43190	77799	demora
41016	75625	demorar
42670	77279	demorar
42864	77473	dentro
43388	77997	
42832	77441	
41134	75743	
41692	76301	
41484	76093	
41381	75990	
40907	75516	desayunar
41981	76590	desayunar
43136	77745	desayunar
43199	77808	desayunar
41750	76359	descansar
42501	77110	descansar
41238	75847	desde
41321	75930	desde
42938	77547	
42329	76938	desear
42727	77336	desear
43056	77665	desechable
43210	77819	
41191	75800	
42331	76940	deteriorar
41336	75945	
43096	77705	
41533	76142	dar
41170	75779	dieta
41165	75774	
41160	75769	diferente
43291	77900	
42019	76628	
43029	77638	decir
40880	75489	decir
42645	77254	diligente
41268	75877	
41053	75662	discapacitado
43017	77626	diseñar
43211	77820	
41306	75915	disponer
41540	76149	disponibilidad
41176	75785	
43435	78044	decilitro
41308	75917	documentar
43394	78003	don
41822	76431	donde
42493	77102	donde
42995	77604	donde
43019	77628	donde
41461	76070	dormir
41057	75666	do
41137	75746	ducha
41680	76289	ducha
41772	76381	ducha
41824	76433	ducha
41957	76566	ducha
42867	77476	ducha
41695	76304	ducha
43307	77916	ducha
42824	77433	dureza
42360	76969	durar
41138	75747	e
41290	75899	
43061	77670	
42999	77608	
43354	77963	
43119	77728	educar
41163	75772	ejemplo
40906	75515	el
40942	75551	el
40959	75568	el
41009	75618	el
41036	75645	el
41043	75652	el
41081	75690	el
41096	75705	el
41105	75714	el
41107	75716	el
41114	75723	el
41133	75742	el
41186	75795	el
41225	75834	el
41271	75880	el
41286	75895	el
41312	75921	el
41335	75944	el
41340	75949	el
41380	75989	el
41403	76012	el
41466	76075	el
41474	76083	el
41527	76136	el
41542	76151	el
41590	76199	el
41640	76249	el
41685	76294	el
41691	76300	el
41703	76312	el
41714	76323	el
41783	76392	el
41790	76399	el
41814	76423	el
41820	76429	el
41882	76491	el
41899	76508	el
41905	76514	el
41966	76575	el
41980	76589	el
41989	76598	el
42003	76612	el
42029	76638	el
42034	76643	el
42142	76751	el
42194	76803	el
42206	76815	el
42217	76826	el
42242	76851	el
42254	76863	el
42332	76941	el
42337	76946	el
42344	76953	el
42354	76963	el
42393	77002	el
42446	77055	el
42510	77119	el
42589	77198	el
42619	77228	el
42646	77255	el
42661	77270	el
42664	77273	el
42692	77301	el
42701	77310	el
42704	77313	el
42742	77351	el
42752	77361	el
42761	77370	el
42767	77376	el
42849	77458	el
42854	77463	el
42890	77499	el
42913	77522	el
42926	77535	el
42929	77538	el
42939	77548	el
42956	77565	el
43011	77620	el
43053	77662	el
43095	77704	el
43102	77711	el
43106	77715	el
43124	77733	el
43133	77742	el
43144	77753	el
43155	77764	el
43183	77792	el
43198	77807	el
43209	77818	el
43225	77834	el
43244	77853	el
43288	77897	el
43324	77933	el
43384	77993	el
43426	78035	el
43442	78051	el
41095	75704	ellos
41270	75879	ellos
43230	77839	emergencia
43151	77760	empezar
41735	76344	
42784	77393	empleado
40870	75479	en
40918	75527	en
40976	75585	en
40991	75600	en
41031	75640	en
41066	75675	en
41085	75694	en
41154	75763	en
41185	75794	en
41219	75828	en
41246	75855	en
41258	75867	en
41285	75894	en
41311	75920	en
41337	75946	en
41375	75984	en
41387	75996	en
41409	76018	en
41456	76065	en
41465	76074	en
41509	76118	en
41587	76196	en
41593	76202	en
41601	76210	en
41684	76293	en
41751	76360	en
41777	76386	en
41789	76398	en
41846	76455	en
41889	76498	en
41936	76545	en
42012	76621	en
42017	76626	en
42033	76642	en
42064	76673	en
42099	76708	en
42122	76731	en
42133	76742	en
42145	76754	en
42235	76844	en
42278	76887	en
42321	76930	en
42364	76973	en
42387	76996	en
42407	77016	en
42503	77112	en
42543	77152	en
42547	77156	en
42584	77193	en
42618	77227	en
42663	77272	en
42666	77275	en
42738	77347	en
42760	77369	en
42776	77385	en
42793	77402	en
42803	77412	en
42848	77457	en
42859	77468	en
42908	77517	en
43086	77695	en
43091	77700	en
43094	77703	en
43182	77791	en
43191	77800	en
43197	77806	en
43222	77831	en
43249	77858	en
43257	77866	en
43365	77974	en
43373	77982	en
43397	78006	en
43408	78017	en
43441	78050	en
43463	78072	en
43452	78061	
42241	76850	encantar
43098	77707	encender
41782	76391	encerrar
41233	75842	encima
41863	76472	encontrar
42032	76641	encontrar
43405	78014	encontrar
43391	78000	encontrar
42997	77606	encontrar
42184	76793	encontrar
42955	77564	
42132	76741	
43156	77765	entablar
40928	75537	entrar
41845	76454	entrar
42494	77103	
41273	75882	era
41870	76479	era
41923	76532	era
42006	76615	era
42079	76688	era
42096	76705	era
42305	76914	era
42449	77058	era
42660	77269	era
41076	75685	erar
41720	76329	
41004	75613	ser
41014	75623	ser
41040	75649	ser
41112	75721	ser
41343	75952	ser
41367	75976	ser
41390	75999	ser
41415	76024	ser
41609	76218	ser
41828	76437	ser
41904	76513	ser
41933	76542	ser
41959	76568	ser
42088	76697	ser
42106	76715	ser
42256	76865	ser
42358	76967	ser
42425	77034	ser
42430	77039	ser
42455	77064	ser
42481	77090	ser
42744	77353	ser
42958	77567	ser
42969	77578	ser
43009	77618	ser
43204	77813	ser
43240	77849	ser
43246	77855	ser
43260	77869	ser
43263	77872	ser
43380	77989	ser
43386	77995	ser
43389	77998	ser
43402	78011	ser
43429	78038	ser
41259	75868	ese
42479	77088	ese
42552	77161	ese
41556	76165	ese
43439	78048	ese
42788	77397	esmerar
41544	76153	ese
42094	76703	ese
42423	77032	ese
42797	77406	
41557	76166	
43020	77629	
43030	77639	
43221	77830	
41158	75767	especificar
41514	76123	
41832	76441	esposar
41103	75712	este
41728	76337	este
42199	76808	este
42711	77320	este
41232	75841	estar
41317	75926	estar
41672	76281	
42406	77015	
43145	77754	
43097	77706	estar
41729	76338	
42603	77212	
43110	77719	
42439	77048	estar
42922	77531	estar
43100	77709	estar
41803	76412	
41283	75892	estar
41417	76026	estar
42722	77331	este
41481	76090	este
41517	76126	este
42037	76646	este
42452	77061	este
41746	76355	este
42357	76966	este
42775	77384	este
42437	77046	estar
42460	77069	estar
43018	77627	estrategia
41244	75853	estar
43234	77843	
41196	75805	evitar
41774	76383	evitar
41276	75885	excelente
41476	76085	excelente
41562	76171	excelente
42114	76723	excelente
42238	76847	excelente
40953	75562	
41699	76308	
42290	76899	
42395	77004	
42689	77298	
42779	77388	
42781	77390	
42876	77485	
42946	77555	
42986	77595	
43242	77851	
43004	77613	
43112	77721	
41007	75616	excepto
43468	78077	exclusiva
42691	77300	experiencia
43462	78071	experiencia
42940	77549	exterior
41622	76231	externo
41635	76244	externo
42054	76663	extranjero
42717	77326	extranjero
41393	76002	falta
41707	76316	falta
41759	76368	falta
41826	76435	falta
42341	76950	falta
42736	77345	falta
42862	77471	falta
43084	77693	falta
43300	77909	falta
42748	77357	faltar
42361	76970	
42178	76787	familia
42232	76841	familia
42994	77603	familiar
43403	78012	fatal
43022	77631	fauna
42251	76860	favor
42967	77576	feliz
42237	76846	felicidad
41477	76086	felicitación
42396	77005	felicitación
42404	77013	felicitación
42795	77404	felicitación
42841	77450	felicitación
42983	77592	felicitación
43008	77617	felicitar
42215	76824	
40968	75577	felicitar
43276	77885	
42612	77221	feliz
42827	77436	forma
43044	77653	forma
40914	75523	formar
41414	76023	
41172	75781	
41929	76538	fresco
41974	76583	
42677	77286	
43428	78037	
43446	78055	
41949	76558	freír
42075	76684	fruto
41399	76008	ir
41529	76138	ir
41730	76339	ir
41953	76562	ir
42506	77115	ir
42601	77210	ir
42642	77251	ir
42816	77425	ir
42118	76727	ir
43111	77720	ir
41092	75701	ir
42575	77184	ir
42448	77057	
43181	77790	fumar
40950	75559	funcionar
42647	77256	funcionario
41130	75739	funcionar
41368	75977	
42871	77480	gancho
41520	76129	ganar
43114	77723	generar
41052	75661	gente
41621	76230	gente
41634	76243	gente
42283	76892	gente
41171	75780	gluten
40956	75565	gracia
41478	76087	gracia
41479	76088	gracia
41698	76307	gracia
42129	76738	gracia
42975	77584	gracia
42985	77594	gracia
43013	77622	gracia
43203	77812	gracia
42822	77431	gradar
41887	76496	gran
43274	77883	gran
43271	77880	grande
43002	77611	grande
41440	76049	gritar
43481	78090	grosero
42902	77511	grueso
43332	77941	grupo
43001	77610	grupo
42879	77488	gustar
41660	76269	
42311	76920	
42385	76994	
41080	75689	gustar
42087	76696	gustar
42459	77068	gustar
43164	77773	gustar
42001	76610	ha
42409	77018	
41462	76071	
41911	76520	
41946	76555	
42540	77149	
42608	77217	
42610	77219	
43459	78068	
42477	77086	
42485	77094	habitable
40923	75532	
41351	75960	
41469	76078	
41490	76099	
41744	76353	
41753	76362	
41869	76478	
41893	76502	
42124	76733	
42480	77089	
42505	77114	
42696	77305	
42707	77316	
42730	77339	
43088	77697	
43375	77984	
41278	75887	habitación
41618	76227	habitación
41770	76379	habitación
42388	76997	habitación
42720	77329	habitación
42740	77349	habitación
42861	77470	habitación
42895	77504	habitación
42977	77586	habitación
43282	77891	habitación
41245	75854	hablar
41758	76367	hacer
42179	76788	hacer
42288	76897	hacer
43083	77692	hacer
42735	77344	hacer
42093	76702	hacer
42131	76740	hacer
42790	77399	hacer
42935	77544	hacer
41255	75864	hacer
42444	77053	hallar
40913	75522	haber
41213	75822	haber
40908	75517	hasta
41330	75939	hasta
42317	76926	hasta
42525	77134	hasta
43172	77781	hasta
41263	75872	haber
41787	76396	haber
42151	76760	haber
42170	76779	haber
42187	76796	haber
42282	76891	haber
42412	77021	haber
42569	77178	haber
42771	77380	haber
43252	77861	haber
43379	77988	haber
41371	75980	haber
42174	76783	haber
42508	77117	haber
43349	77958	haber
42048	76657	haber
43326	77935	haber
43334	77943	haber
40940	75549	
42038	76647	hermoso
43272	77881	hermoso
41849	76458	hacer
41838	76447	helar
42152	76761	helar
42892	77501	
42246	76855	hacer
42674	77283	hora
42207	76816	horario
43134	77743	horario
42541	77150	hospedar
41287	75896	hospedaje
42386	76995	
40962	75571	hotel
41355	75964	hotel
41608	76217	hotel
41793	76402	hotel
41861	76470	hotel
42511	77120	hotel
42600	77209	hotel
42762	77371	hotel
43060	77669	hotel
43273	77882	hotel
43458	78067	hotel
41058	75667	hotel
43399	78008	hotel
41877	76486	haber
41885	76494	haber
43187	77796	haber
42978	77587	oler
43122	77731	
41267	75876	
43471	78080	
42980	77589	humedad
43377	77986	humedad
40973	75582	
41174	75783	
42158	76767	
41906	76515	ideal
41310	75919	identidad
42606	77215	
41199	75808	igual
42826	77435	igual
43072	77681	impactar
41883	76492	
41416	76025	importante
41610	76219	importante
41726	76335	importante
43430	78039	importante
42507	77116	imposible
42817	77426	imposible
43381	77990	impresionante
42191	76800	
42520	77129	
41723	76332	
41102	75711	incluir
43311	77920	
40985	75594	incomodar
41765	76374	incomodar
42802	77411	inconformidad
42482	77091	
41597	76206	inconveniente
43241	77850	incorrecto
43414	78023	indicación
43437	78046	indicar
41648	76257	
42828	77437	
41796	76405	
41808	76417	
41651	76260	informar
42421	77030	informar
43131	77740	informar
42655	77264	informar
42799	77408	
41118	75727	ingresar
41299	75908	ingresar
43438	78047	
42830	77439	inmediato
41546	76155	
42160	76769	instalación
42325	76934	instalación
41391	76000	insuficiente
42757	77366	insumo
42189	76798	integral
41153	75762	
43215	77824	interior
41637	76246	internar
41773	76382	internar
41747	76356	
41209	75818	intimidad
42863	77472	jabonera
43355	77964	
42035	76644	
41328	75937	l
40871	75480	el
40922	75531	el
40930	75539	el
40933	75542	el
40945	75554	el
40957	75566	el
40977	75586	el
40992	75601	el
41024	75633	el
41032	75641	el
41051	75660	el
41067	75676	el
41136	75745	el
41208	75817	el
41220	75829	el
41235	75844	el
41242	75851	el
41288	75897	el
41292	75901	el
41319	75928	el
41338	75947	el
41350	75959	el
41385	75994	el
41396	76005	el
41406	76015	el
41428	76037	el
41489	76098	el
41504	76113	el
41560	76169	el
41563	76172	el
41588	76197	el
41602	76211	el
41615	76224	el
41630	76239	el
41633	76242	el
41733	76342	el
41738	76347	el
41743	76352	el
41752	76361	el
41806	76415	el
41865	76474	el
41868	76477	el
41878	76487	el
41892	76501	el
41908	76517	el
41921	76530	el
41930	76539	el
41934	76543	el
41937	76546	el
41950	76559	el
41956	76565	el
41976	76585	el
41995	76604	el
42020	76629	el
42065	76674	el
42123	76732	el
42192	76801	el
42248	76857	el
42266	76875	el
42276	76885	el
42285	76894	el
42381	76990	el
42408	77017	el
42495	77104	el
42504	77113	el
42544	77153	el
42585	77194	el
42614	77223	el
42616	77225	el
42634	77243	el
42636	77245	el
42651	77260	el
42667	77276	el
42675	77284	el
42690	77299	el
42695	77304	el
42729	77338	el
42814	77423	el
42839	77448	el
42860	77469	el
42866	77475	el
42882	77491	el
42932	77541	el
42961	77570	el
43021	77630	el
43048	77657	el
43051	77660	el
43067	77676	el
43087	77696	el
43109	77718	el
43192	77801	el
43213	77822	el
43223	77832	el
43278	77887	el
43351	77960	el
43374	77983	el
43400	78009	el
43464	78073	el
43472	78081	el
42223	76832	laborar
42286	76895	lactosa
43237	77846	lado
40919	75528	el
40926	75535	el
40996	75605	el
40998	75607	el
41012	75621	el
41099	75708	el
41156	75765	el
41183	75792	el
41239	75848	el
41322	75931	el
41331	75940	el
41376	75985	el
41388	75997	el
41410	76019	el
41432	76041	el
41450	76059	el
41496	76105	el
41625	76234	el
41694	76303	el
41769	76378	el
41810	76419	el
41839	76448	el
41896	76505	el
42015	76624	el
42109	76718	el
42146	76755	el
42159	76768	el
42269	76878	el
42301	76910	el
42314	76923	el
42322	76931	el
42324	76933	el
42348	76957	el
42683	77292	el
42739	77348	el
42894	77503	el
42909	77518	el
42936	77545	el
43032	77641	el
43035	77644	el
43089	77698	el
43127	77736	el
43148	77757	el
43173	77782	el
43281	77890	el
43306	77915	el
43308	77917	el
43313	77922	el
43413	78022	el
43453	78062	el
43304	77913	lavado
41236	75845	
41519	76128	le
41825	76434	le
41926	76535	le
42287	76896	le
42747	77356	le
42804	77413	le
43166	77775	le
41149	75758	leche
43217	77826	leche
40888	75497	lechuga
43248	77857	lento
41584	76193	le
42070	76679	le
42798	77407	le
43345	77954	lesionar
41827	76436	
40903	75512	light
41384	75993	
41486	76095	
40891	75500	limón
41279	75888	limpia
43302	77911	limpieza
42300	76909	limpiar
42954	77563	lindar
43284	77893	lindar
42920	77529	liso
41778	76387	ll
41859	76468	llegar
41178	75787	llevar
41110	75719	el
41530	76139	el
41581	76190	el
41655	76264	el
41725	76334	el
42040	76649	el
42116	76725	el
42258	76867	el
42263	76872	el
42528	77137	el
42944	77553	el
43028	77637	el
43138	77747	el
41606	76215	
40967	75576	el
40980	75589	el
40986	75595	el
41056	75665	el
41131	75740	el
41419	76028	el
41522	76131	el
41548	76157	el
41576	76185	el
41801	76410	el
41999	76608	el
42008	76617	el
42197	76806	el
42365	76974	el
42521	77130	el
42756	77365	el
42777	77386	el
42783	77392	el
42916	77525	el
43007	77616	el
43075	77684	el
43092	77701	el
43121	77730	el
43195	77804	el
43219	77828	el
43329	77938	el
43090	77699	lucir
41475	76084	lugar
41821	76430	lugar
42400	77009	lugar
42930	77539	lugar
42947	77556	lugar
43012	77621	lugar
43206	77815	lugar
42971	77580	
40946	75555	luz
42734	77343	luz
42461	77070	m
42391	77000	madera
41734	76343	madrugada
41217	75826	mal
41222	75831	mal
42086	76695	mal
42201	76810	mal
43163	77772	mal
41807	76416	malo
41898	76507	malo
41497	76106	maleta
42370	76979	
41639	76248	malo
41320	75929	mama
41579	76188	manejar
41124	75733	
43015	77624	manejar
41715	76324	manejar
43454	78063	mano
42026	76635	mantenimiento
41516	76125	maravilloso
42399	77008	maravilloso
43010	77619	maravilloso
43033	77642	mariposa
40905	75514	mas
40909	75518	mas
41256	75865	mas
41352	75961	mas
41470	76079	mas
41670	76279	mas
41982	76591	mas
42125	76734	mas
42253	76862	mas
42318	76927	mas
42671	77280	mas
42712	77321	mas
42733	77342	mas
42846	77455	mas
42870	77479	mas
42885	77494	mas
42901	77510	mas
43064	77673	mas
43079	77688	mas
43270	77879	mas
42883	77492	mascota
43065	77674	material
41243	75852	mañana
41079	75688	me
41454	76063	me
41659	76268	me
42183	76792	me
42310	76919	me
42384	76993	me
42464	77073	me
42514	77123	me
42539	77148	me
42563	77172	me
42856	77465	me
42878	77487	me
43130	77739	me
43160	77769	me
43448	78057	me
43451	78060	me
40885	75494	media
41711	76320	mediar
41842	76451	mediar
42143	76752	mediar
43103	77712	mediar
42163	76772	medio
42768	77377	
41104	75713	mejor
41152	75761	mejor
41531	76140	mejor
41721	76330	mejor
41985	76594	mejor
42007	76616	mejor
42450	77059	mejor
42517	77126	mejor
43362	77971	mejor
40892	75501	mejorar
41027	75636	mejorar
41402	76011	mejorar
41586	76195	mejorar
41795	76404	mejorar
41979	76588	mejorar
41994	76603	mejorar
42148	76757	mejorar
42155	76764	mejorar
42685	77294	mejorar
42912	77521	mejorar
42347	76956	mendigar
41857	76466	menor
42484	77093	menos
41023	75632	
41990	76599	
42255	76864	
43258	77867	
41013	75622	mesa
42684	77293	mesa
43157	77766	mesa
42593	77202	mesero
43321	77930	mes
41179	75788	mi
41831	76440	mi
41890	76499	mi
42177	76786	mi
42801	77410	mi
42984	77593	mil
42068	76677	mi
42259	76868	mismo
42264	76873	mismo
42702	77311	mismo
43057	77666	molestar
41313	75922	momento
42632	77241	momento
41794	76403	montaña
41106	75715	motivar
42167	76776	movilidad
43207	77816	
42998	77607	milisegundo
40955	75564	mucho
41215	75824	mucho
43039	77648	mucho
43202	77811	mucho
42974	77583	
41508	76117	mucho
41748	76357	mucho
42327	76936	mucho
42516	77125	mucho
42725	77334	mucho
41799	76408	mucho
42050	76659	mucho
42483	77092	mucho
42103	76712	mundo
40975	75584	musicar
41446	76055	musicar
42153	76762	musicar
42249	76858	musicar
43474	78083	musicar
40873	75482	muy
40963	75572	muy
41005	75614	muy
41028	75637	muy
41045	75654	muy
41059	75668	muy
41274	75883	muy
41344	75953	muy
41400	76009	muy
41567	76176	muy
41638	76247	muy
41829	76438	muy
42085	76694	muy
42200	76809	muy
42211	76820	muy
42225	76834	muy
42292	76901	muy
42294	76903	muy
42297	76906	muy
42308	76917	muy
42330	76939	muy
42359	76968	muy
42377	76986	muy
42401	77010	muy
42796	77405	muy
42837	77446	muy
42919	77528	muy
42923	77532	muy
42951	77560	muy
42959	77568	muy
42966	77575	muy
43247	77856	muy
43286	77895	muy
43290	77899	muy
43370	77979	muy
42052	76661	nacional
40904	75513	nada
41666	76275	nada
42549	77158	nada
42471	77080	nadie
43456	78065	nadie
41157	75766	necesidad
41141	75750	necesitar
42732	77341	
40997	75606	negar
41358	75967	nevera
41760	76369	nevera
42737	77346	nevera
41914	76523	ni
41301	75910	niño
43220	77829	niño
40935	75544	no
40949	75558	no
41075	75684	no
41078	75687	no
41109	75718	no
41115	75724	no
41296	75905	no
41305	75914	no
41347	75956	no
41356	75965	no
41370	75979	no
41398	76007	no
41459	76068	no
41573	76182	no
41627	76236	no
41646	76255	no
41650	76259	no
41654	76263	no
41658	76267	no
41664	76273	no
41767	76376	no
41786	76395	no
41876	76485	no
41903	76512	no
41910	76519	no
41925	76534	no
41932	76541	no
41945	76554	no
41952	76561	no
41962	76571	no
42027	76636	no
42092	76701	no
42150	76759	no
42169	76778	no
42186	76795	no
42203	76812	no
42240	76849	no
42350	76959	no
42389	76998	no
42424	77033	no
42436	77045	no
42454	77063	no
42486	77095	no
42489	77098	no
42530	77139	no
42559	77168	no
42562	77171	no
42641	77250	no
42653	77262	no
42698	77307	no
42763	77372	no
42833	77442	no
43023	77632	no
43129	77738	no
43140	77749	no
43177	77786	no
43251	77860	no
43262	77871	no
43295	77904	no
40993	75602	noche
41779	76388	noche
41938	76547	noche
42586	77195	noche
41960	76569	normal
40879	75488	no
40995	75604	no
41069	75678	no
41116	75725	no
41228	75837	no
41512	76121	no
41532	76141	no
41552	76161	no
41565	76174	no
41757	76366	no
41862	76471	no
41963	76572	no
41969	76578	no
42031	76640	no
42420	77029	no
42458	77067	no
42639	77248	no
42649	77258	no
42654	77263	no
42964	77573	no
43333	77942	no
43404	78013	no
41848	76457	nosotros
42059	76668	nosotros
42405	77014	nosotros
43074	77683	nosotros
41230	75839	nuestro
41749	76358	nuestro
41091	75700	nunca
41227	75836	nunca
41019	75628	
41291	75900	o
41412	76021	o
42438	77047	o
42536	77145	o
43016	77625	o
43231	77840	o
42467	77076	objeto
42834	77443	obtener
43315	77924	
41087	75696	
43250	77859	
43167	77776	ofrecer
41837	76446	ofrecer
42462	77071	
41784	76393	olor
41142	75751	opción
42572	77181	opción
43337	77946	oportuno
43296	77905	
42931	77540	optimizar
42202	76811	
42991	77600	
42277	76886	otro
41146	75755	otro
41523	76132	otro
42138	76747	otro
43398	78007	otro
41494	76103	
42069	76678	padre
42942	77551	
42897	77506	
42891	77500	papel
43218	77827	par
41042	75651	para
41177	75786	para
41195	75804	para
41206	75815	para
41224	75833	para
41405	76014	para
41472	76081	para
41554	76163	para
41575	76184	para
41629	76238	para
41667	76276	para
41713	76322	para
41872	76481	para
41907	76516	para
41993	76602	para
42107	76716	para
42164	76773	para
42196	76805	para
42714	77323	para
42853	77462	para
42872	77481	para
42906	77515	para
42972	77581	para
43000	77609	para
43208	77817	para
43356	77965	para
42346	76955	parecer
42857	77466	parecer
43161	77770	parecer
41566	76175	
42515	77124	
43383	77992	pared
40917	75526	
41407	76016	parrilla
41001	75610	parte
41293	75902	parte
41603	76212	parte
42024	76633	parte
42101	76710	parte
43434	78043	parte
41315	75924	pasar
43093	77702	pasillo
41073	75682	patacón
42809	77418	pedir
41441	76050	pelar
42921	77530	peligroso
41363	75972	pequeño
43189	77798	pequeño
40874	75483	pequeño
41275	75884	pequeño
41366	75975	pequeño
41117	75726	permitir
43179	77788	permitir
41346	75955	pero
41434	76043	pero
42091	76700	pero
42340	76949	pero
42392	77001	pero
42419	77028	pero
42502	77111	pero
42573	77182	pero
42831	77440	pero
43372	77981	pero
42342	76951	
42605	77214	pero
41212	75821	persona
42083	76692	persona
42637	77246	persona
42680	77289	persona
40960	75569	personal
41003	75612	personal
41049	75658	personal
41342	75951	personal
41395	76004	personal
41704	76313	personal
41812	76421	personal
42220	76829	personal
42338	76947	personal
42537	77146	personal
42590	77199	personal
42622	77231	personal
42957	77566	personal
43339	77948	personal
41438	76047	persona
41874	76483	persona
42165	76774	persona
42886	77495	persona
43314	77923	persona
43392	78001	persona
42474	77083	pesar
43461	78070	
42336	76945	
42343	76952	
41919	76528	picada
40872	75481	picada
40899	75508	picada
41503	76112	pedir
41917	76526	
41221	75830	piscina
41339	75948	piscina
41429	76038	piscina
43052	77661	piscina
43410	78019	piscina
43469	78078	piscina
41377	75986	piscina
41389	75998	piscina
41626	76235	piscina
41688	76297	piscina
42147	76756	piscina
42315	76924	piscina
43036	77645	piscina
43186	77795	piscina
41500	76109	pisar
42914	77523	pisar
41737	76346	pitar
42128	76737	plaga
41097	75706	plan
42447	77056	plan
42993	77602	plan
41471	76080	plan
42009	76618	plan
42073	76682	plato
42000	76609	plato
41427	76036	
41324	75933	
41333	75942	
43175	77784	
41304	75913	
42789	77398	
43277	77886	
41029	75638	poco
41046	75655	poco
41175	75784	poco
41020	75629	poco
41021	75630	poción
41570	76179	poco
43269	77878	poco
42432	77041	poder
41151	75760	poner
41775	76384	poner
42904	77513	poner
43475	78084	popular
40929	75538	por
41000	75609	por
41094	75703	por
41162	75771	por
41392	76001	por
41708	76317	por
41841	76450	por
42023	76632	por
42082	76691	por
42216	76825	por
42250	76859	por
42397	77006	por
42492	77101	por
42500	77109	por
42820	77429	por
42896	77505	por
42943	77552	por
43031	77640	por
43073	77682	por
43137	77746	por
43299	77908	por
43433	78042	por
41121	75730	porque
41780	76389	porque
42078	76687	porque
42463	77072	porque
43165	77774	porque
41996	76605	
41879	76488	
42933	77542	posibilidad
43390	77999	posible
42426	77035	posible
42557	77166	postrar
41420	76029	pozo
40897	75506	preciar
41037	75646	preciar
41482	76091	preciar
42693	77302	preciar
41125	75734	precio
41577	76186	precio
42089	76698	preferible
42713	77322	preparado
41574	76183	presentable
41931	76540	
43037	77646	principal
41689	76298	privado
41284	75893	privado
43440	78049	procesar
41802	76411	producto
42139	76748	producto
41553	76162	programar
42774	77383	promover
41207	75816	proteger
42564	77173	provocar
42382	76991	
42626	77235	
42367	76976	
43141	77750	poder
41443	76052	puerta
41421	76030	pues
41852	76461	pues
43350	77959	poner
42811	77420	punta
40974	75583	poner
43214	77823	
42597	77206	
40881	75490	que
40900	75509	que
41008	75617	que
41035	75644	que
41074	75683	que
41113	75722	que
41122	75731	que
41129	75738	que
41140	75749	que
41167	75776	que
41200	75809	que
41253	75862	que
41262	75871	que
41281	75890	que
41316	75925	que
41325	75934	que
41369	75978	que
41379	75988	que
41439	76048	que
41453	76062	que
41458	76067	que
41551	76160	que
41578	76187	que
41611	76220	que
41624	76233	que
41663	76272	que
41671	76280	que
41706	76315	que
41731	76340	que
41766	76375	que
41798	76407	que
41819	76428	que
41867	76476	que
42060	76669	que
42111	76720	que
42185	76794	que
42190	76799	que
42221	76830	que
42228	76837	que
42244	76853	que
42271	76880	que
42281	76890	que
42284	76893	que
42303	76912	que
42312	76921	que
42328	76937	que
42356	76965	que
42380	76989	que
42422	77031	que
42428	77037	que
42442	77051	que
42476	77085	que
42524	77133	que
42550	77159	que
42578	77187	que
42607	77216	que
42638	77247	que
42648	77257	que
42656	77265	que
42703	77312	que
42726	77335	que
42755	77364	que
42758	77367	que
42773	77382	que
42845	77454	que
42858	77467	que
42990	77599	que
43139	77748	que
43180	77789	que
43319	77928	que
43322	77931	que
43343	77952	que
43378	77987	que
43431	78040	que
40937	75546	queda
40938	75547	queda
41436	76045	quedar
43352	77961	queja
41455	76064	quejar
41943	76552	queso
42113	76722	querer
42214	76823	querer
41528	76137	
42445	77054	quitar
42171	76780	
42650	77259	realizar
41697	76306	rebosar
41457	76066	
41561	76170	
43335	77944	recibir
43066	77675	reciclable
43153	77762	recoger
41408	76017	recomendación
42888	77497	recomendación
41111	75720	recomendar
41252	75861	recomendar
42351	76960	
41656	76265	recomendar
41473	76082	recorrer
42635	77244	
42168	76777	reducir
43216	77825	refrigerar
41924	76533	refreír
41180	75789	
41830	76439	resbaladizo
41505	76114	reserva
41535	76144	reserva
41851	76460	reserva
42652	77261	reserva
42937	77546	
41840	76449	reserva
41718	76327	
41424	76033	residuo
41717	76326	residuo
43128	77737	residuo
41881	76490	resolver
42472	77081	
41902	76511	restaurante
41992	76601	restaurante
42335	76944	restaurante
42498	77107	restaurante
42665	77274	restaurante
41643	76252	
42394	77003	restar
42071	76680	retirar
41418	76027	
41401	76010	rico
43118	77727	
42465	77074	robar
42899	77508	rollo
42323	76932	romano
43034	77643	rondar
43232	77841	ruta
41964	76573	s
41184	75793	
42205	76814	saber
41404	76013	sabor
42548	77157	sabor
43261	77870	sabor
42844	77453	salchicha
43228	77837	salida
42611	77220	salir
41965	76574	salio
43423	78032	salir
43341	77950	salvavidas
41525	76134	san
41941	76550	
42924	77533	
41155	75764	satisfacer
40912	75521	se
41254	75863	se
41294	75903	se
41297	75906	se
41326	75935	se
41435	76044	se
41502	76111	se
41506	76115	se
41619	76228	se
41696	76305	se
41781	76390	se
41823	76432	se
41833	76442	se
41916	76525	se
41927	76536	se
42056	76665	se
42112	76721	se
42204	76813	se
42233	76842	se
42245	76854	se
42443	77052	se
42519	77128	se
42531	77140	se
42669	77278	se
42787	77396	se
42996	77605	se
43024	77633	se
43069	77678	se
43450	78059	se
41382	75991	sea
42272	76881	sea
41762	76371	secador
41194	75803	
41260	75869	
41499	76108	2
41741	76350	seguridad
43298	77907	seguridad
42560	77169	
42624	77233	sentido
42791	77400	sentir
41189	75798	ser
42700	77309	ser
42988	77597	seriar
43407	78016	serpiente
40954	75563	servicio
41010	75619	servicio
41044	75653	servicio
41082	75691	servicio
41128	75737	servicio
41218	75827	servicio
41223	75832	servicio
41277	75886	servicio
41341	75950	servicio
41641	76250	servicio
41815	76424	servicio
41891	76500	servicio
41900	76509	servicio
42004	76613	servicio
42188	76797	servicio
42213	76822	servicio
42218	76827	servicio
42239	76848	servicio
42333	76942	servicio
42345	76954	servicio
42620	77229	servicio
42662	77271	servicio
42780	77389	servicio
42805	77414	servicio
42949	77558	servicio
42987	77596	servicio
43107	77716	servicio
43169	77778	servicio
43243	77852	servicio
43245	77854	servicio
43275	77884	servicio
43396	78005	servicio
42749	77358	servicio
42108	76717	
43193	77802	servir
41483	76092	servir
41065	75674	señal
43432	78041	señal
42772	77381	
42429	77038	si
42488	77097	si
42532	77141	si
43099	77708	si
43411	78020	si
40951	75560	siempre
43058	77667	ser
42057	76666	sentar
42234	76843	sentar
41123	75732	seguir
43005	77614	seguir
41168	75777	seguir
41257	75866	silencio
43159	77768	silla
40876	75485	sin
41249	75858	sin
41538	76147	sin
41679	76288	sin
42623	77232	sin
41070	75679	servir
41493	76102	
42039	76648	sitiar
42753	77362	sitiar
43325	77934	sitiar
43368	77977	sitio
41269	75878	sobrar
43123	77732	sobrar
43132	77741	sobrar
41888	76497	
41164	75773	soda
42679	77288	solo
40989	75598	solicitar
41088	75697	solicitar
41939	76548	solicitar
42415	77024	
41836	76445	solo
41871	76480	solo
42080	76689	solo
42379	76988	solo
42411	77020	solo
42579	77188	solo
42591	77200	solo
41947	76556	solo
42835	77444	
41595	76204	solucionar
42224	76833	ser
42764	77373	ser
42918	77527	ser
43003	77612	ser
43040	77649	ser
43283	77892	ser
42270	76879	sopa
41866	76475	sorpresa
41480	76089	sostener
41709	76318	sostenibilidad
41084	75693	
41120	75729	
41187	75796	
41226	75835	
41537	76146	
41543	76152	
42743	77352	
42231	76840	su
42821	77430	su
41495	76104	subir
41467	76076	solar
43327	77936	sufrido
41280	75889	sugerir
41585	76194	sugerir
43224	77833	suite
42208	76817	super
43401	78010	
43465	78074	suponer
40943	75552	
40893	75502	tamaño
42770	77379	
41362	75971	tan
41383	75992	tan
42398	77007	tan
43026	77635	tan
43264	77873	tan
42227	76836	tanto
40910	75519	tardar
42319	76928	tardar
41681	76290	tarro
42842	77451	tarro
43382	77991	techo
41665	76274	
42414	77023	
41365	75974	televisor
41132	75741	televisor
42840	77449	
41895	76504	
41201	75810	tener
42433	77042	tener
41357	75966	tener
41359	75968	tener
41771	76380	tener
40882	75491	tenia
40884	75493	tenia
41327	75936	tenia
41445	76054	
43344	77953	
43078	77687	
42582	77191	tequila
43419	78028	termal
40981	75590	termal
42198	76807	termal
41647	76256	tener
43310	77919	tener
42982	77591	tierra
42063	76672	tintar
42527	77136	tintar
42553	77162	tipo
42657	77266	tipo
41442	76051	tirar
41205	75814	toalla
41374	75983	toalla
42874	77483	toalla
41970	76579	tocar
41768	76377	todo
42682	77291	todo
41334	75943	todo
41515	76124	todo
41702	76311	todo
42115	76724	todo
42210	76819	todo
42291	76900	todo
42307	76916	todo
42376	76985	todo
42588	77197	todo
42875	77484	todo
42877	77486	todo
43154	77763	todo
43201	77810	todo
43369	77978	todo
43425	78034	tomar
40889	75498	tomate
42355	76964	trabajar
41034	75643	
42881	77490	traer
43466	78075	tranquilidad
42298	76907	tranquilo
42195	76804	transportar
41592	76201	tratar
42927	77536	tratar
41100	75709	
41915	76524	trucha
43076	77685	turista
41061	75670	
42030	76639	
42418	77027	
42434	77043	
43289	77898	
43235	77844	ubicar
41645	76254	
41264	75873	uno
41364	75973	uno
41492	76101	uno
41599	76208	uno
41674	76283	uno
41856	76465	uno
41886	76495	uno
41940	76549	uno
42062	76671	uno
42104	76713	uno
42413	77022	uno
42490	77099	uno
42526	77135	uno
42567	77176	uno
42592	77201	uno
42810	77419	uno
42970	77579	uno
42992	77601	uno
43059	77668	uno
43115	77724	uno
43168	77777	uno
43205	77814	uno
43266	77875	uno
43268	77877	uno
43359	77968	uno
43409	78018	uno
40939	75548	unir
41169	75778	unir
41202	75811	unir
41300	75909	unir
41360	75969	unir
41534	76143	unir
41850	76459	unir
41918	76527	unir
42273	76882	unir
42306	76915	unir
42602	77211	unir
42706	77315	unir
43043	77652	unir
43188	77797	unir
43406	78015	unir
41437	76046	unir
41463	76072	unir
42119	76728	unir
42117	76726	
41055	75664	unificar
42072	76681	
42229	76838	unir
43171	77780	unir
40972	75581	uno
42466	77075	uno
42134	76743	usar
43063	77672	usar
43293	77902	usar
43054	77663	usar
43125	77734	usar
41549	76158	usuario
42759	77368	utilizar
42469	77078	valor
42965	77574	
41998	76607	variar
42252	76861	variar
43366	77975	vario
41030	75639	variedad
41983	76592	variedad
42686	77295	variedad
43080	77689	variedad
43253	77862	variedad
41086	75695	vario
43367	77976	vario
43070	77679	ir
43025	77634	ver
42110	76719	vez
41928	76537	
40901	75510	vendar
42175	76784	venir
42609	77218	venir
40931	75540	ventana
40934	75543	ventana
42487	77096	ventana
42754	77363	ver
42551	77160	ver
42629	77238	ver
42786	77395	verdad
43348	77957	vertebral
42369	76978	
42043	76652	
42383	76992	vez
41518	76127	viajar
41487	76096	vidrio
41072	75681	viejo
41422	76031	ver
40920	75529	viga
42499	77108	venir
42509	77118	visitar
43323	77932	visitar
42041	76650	visitar
40988	75597	visitante
42051	76660	visitante
42778	77387	visitante
42715	77324	visita
40984	75593	volumen
43478	78087	volumen
41449	76058	
41661	76270	volver
42352	76961	volver
42973	77582	volver
40971	75580	
41247	75856	voz
41988	76597	
41788	76397	
40890	75499	y
40894	75503	y
40896	75505	y
40925	75534	y
40965	75574	y
40969	75578	y
40994	75603	y
41017	75626	y
41054	75663	y
41090	75699	y
41150	75759	y
41173	75782	y
41204	75813	y
41378	75987	y
41425	76034	y
41444	76053	y
41511	76120	y
41558	76167	y
41572	76181	y
41605	76214	y
41636	76245	y
41649	76258	y
41657	76266	y
41669	76278	y
41745	76354	y
41755	76364	y
41761	76370	y
41785	76394	y
41805	76414	y
41813	76422	y
41835	76444	y
41855	76464	y
41875	76484	y
41884	76493	y
41920	76529	y
41944	76553	y
41961	76570	y
41984	76593	y
41987	76596	y
42005	76614	y
42022	76631	y
42046	76655	y
42053	76662	y
42055	76664	y
42098	76707	y
42137	76746	y
42182	76791	y
42230	76839	y
42262	76871	y
42268	76877	y
42275	76884	y
42299	76908	y
42368	76977	y
42374	76983	y
42457	77066	y
42470	77079	y
42513	77122	y
42644	77253	y
42721	77330	y
42851	77460	y
42900	77509	y
42928	77537	y
42948	77557	y
42968	77577	y
42981	77590	y
43038	77647	y
43108	77717	y
43150	77759	y
43158	77767	y
43176	77785	y
43256	77865	y
43285	77894	y
43303	77912	y
43364	77973	y
43424	78033	y
43455	78064	y
43467	78076	y
43480	78089	y
41166	75775	ya
41550	76159	ya
41623	76232	ya
41662	76271	ya
41797	76406	ya
42280	76889	ya
42523	77132	ya
42538	77147	ya
43342	77951	ya
43447	78056	yo
41644	76253	
40978	75587	zona
43049	77658	zona
43068	77677	zona
43421	78030	zona
