ID_Word	ID_Lemma	Lemma
45986	80595	
45990	80599	
45657	80266	(
45659	80268	)
44174	78783	,
44204	78813	,
44252	78861	,
44280	78889	,
44303	78912	,
44368	78977	,
44385	78994	,
44411	79020	,
44452	79061	,
44459	79068	,
44466	79075	,
44572	79181	,
44597	79206	,
44660	79269	,
44700	79309	,
44726	79335	,
44757	79366	,
44760	79369	,
44777	79386	,
44790	79399	,
44830	79439	,
44839	79448	,
44844	79453	,
44853	79462	,
44897	79506	,
44943	79552	,
45064	79673	,
45082	79691	,
45133	79742	,
45200	79809	,
45206	79815	,
45423	80032	,
45515	80124	,
45559	80168	,
45568	80177	,
45617	80226	,
45634	80243	,
45669	80278	,
45693	80302	,
45704	80313	,
45712	80321	,
45810	80419	,
45867	80476	,
45876	80485	,
45883	80492	,
45938	80547	,
45940	80549	,
45974	80583	,
46045	80654	,
46074	80683	,
46226	80835	,
46241	80850	,
46296	80905	,
46330	80939	,
46348	80957	,
46515	81124	,
46557	81166	,
46569	81178	,
46601	81210	,
46644	81253	,
46660	81269	,
46680	81289	,
46735	81344	,
46933	81542	,
47053	81662	,
47095	81704	,
47196	81805	,
47242	81851	,
47499	82108	,
47594	82203	,
47632	82241	,
47650	82259	,
47697	82306	,
47988	82597	,
44863	79472	.
48508	83117	
48025	82634	
48316	82925	
47613	82222	
48495	83104	
44217	78826	
44215	78824	a
44301	78910	a
44513	79122	a
44530	79139	a
44574	79183	a
44622	79231	a
44728	79337	a
44741	79350	a
44824	79433	a
44914	79523	a
45372	79981	a
45454	80063	a
45600	80209	a
45619	80228	a
45985	80594	a
46050	80659	a
46152	80761	a
46322	80931	a
46341	80950	a
46355	80964	a
46519	81128	a
46677	81286	a
46704	81313	a
46784	81393	a
46859	81468	a
46902	81511	a
46911	81520	a
47029	81638	a
47033	81642	a
47658	82267	a
47694	82303	a
47765	82374	a
47854	82463	a
48008	82617	a
48027	82636	a
48115	82724	a
48135	82744	a
48249	82858	a
48334	82943	a
48460	83069	a
45431	80040	abajar
44635	79244	abdomen
46667	81276	abrir
46049	80658	abrir
47216	81825	abrigada
45050	79659	abundante
44432	79041	acceso
45884	80493	aceitar
47787	82396	acogedor
46411	81020	acondicionar
48096	82705	acondicionamiento
45943	80552	acorde
47891	82500	acordar
48022	82631	adecuación
47870	82479	adecuar
47045	81654	adema
46518	81127	
46956	81565	adir
46315	80924	adir
44356	78965	
45383	79992	
45444	80053	
45452	80061	
45473	80082	
48388	82997	
48442	83051	
44731	79340	
46651	81260	afectado
45912	80521	aforar
45917	80526	aforar
46115	80724	aforar
48129	82738	aforar
45861	80470	agenda
45673	80282	
46853	81462	agradar
44556	79165	agradable
44923	79532	agradable
45213	79822	agradable
45512	80121	agradable
46222	80831	agradable
47849	82458	agradable
48439	83048	agradable
46303	80912	
45507	80116	agradecer
48252	82861	
46385	80994	agradecimiento
44427	79036	agua
44510	79119	agua
44517	79126	agua
44749	79358	agua
44782	79391	agua
44817	79426	agua
44868	79477	agua
45015	79624	agua
45048	79657	agua
45172	79781	agua
45186	79795	agua
46225	80834	agua
46549	81158	agua
47152	81761	agua
47161	81770	agua
47285	81894	agua
47296	81905	agua
47792	82401	agua
48352	82961	agua
48355	82964	agua
47713	82322	agua
46410	81019	aire
44680	79289	a+el
44877	79486	a+el
45261	79870	a+el
45392	80001	a+el
45403	80012	a+el
45462	80071	a+el
45688	80297	a+el
45944	80553	a+el
46099	80708	a+el
46165	80774	a+el
46270	80879	a+el
47114	81723	a+el
47443	82052	a+el
47892	82501	a+el
48369	82978	a+el
48493	83102	a+el
47257	81866	alejar
44276	78885	algo
45066	79675	algo
45961	80570	algo
46256	80865	algo
46622	81231	algo
47017	81626	algo
47648	82257	algo
48413	83022	algo
46767	81376	alguno
47980	82589	alguno
44180	78789	almohada
44631	79240	almohada
45320	79929	alrededor
45401	80010	alta
48554	83163	alta
44965	79574	alternativa
44905	79514	alto
44218	78827	
45045	79654	ama
46075	80684	amabilidad
46455	81064	amabilidad
47522	82131	amabilidad
47917	82526	amabilidad
44625	79234	amable
45265	79874	amable
46734	81343	amable
46744	81353	amable
46825	81434	amable
47047	81656	amable
47092	81701	amable
47451	82060	amable
47851	82460	amable
44241	78850	amable
44323	78932	amable
44384	78993	amable
44401	79010	amable
44521	79130	amable
45158	79767	amable
45449	80058	amable
45711	80320	amable
45744	80353	amable
46435	81044	amable
48209	82818	amable
44159	78768	
45597	80206	
47885	82494	
47925	82534	
48091	82700	
48155	82764	
44339	78948	ambiental
48138	82747	ambiental
46681	81290	ambientar
44203	78812	ambientar
44873	79482	ambientar
44925	79534	ambientar
45303	79912	ambientar
45812	80421	ambientar
46044	80653	ambientar
46597	81206	ambientar
46695	81304	ambientar
47669	82278	ambientar
48534	83143	ambientar
45477	80086	ambientar
48391	83000	amblar
46025	80634	amblar
46004	80613	
46005	80614	
46431	81040	
46422	81031	
46498	81107	
47807	82416	
47689	82298	animal
45301	79910	
47283	81892	
47532	82141	anterior
46671	81280	antes
48497	83106	antes
48510	83119	antes
44823	79432	
48313	82922	antojar
44746	79355	aplicar
45649	80258	
46488	81097	ar
45882	80491	
46796	81405	
45081	79690	aroma
46603	81212	aroma
45604	80213	aroma
44528	79137	
44685	79294	
44934	79543	
45079	79688	
45094	79703	
45102	79711	
45124	79733	
45168	79777	
45754	80363	
46692	81301	
46963	81572	
47125	81734	
47133	81742	
47877	82486	
47883	82492	
48340	82949	
48477	83086	
45078	79687	
45091	79700	
46959	81568	
45125	79734	aromatizar
44341	78950	
45278	79887	arte
44903	79512	as
45364	79973	as
47568	82177	as
48195	82804	as
48482	83091	as
46606	81215	asear
44393	79002	
44541	79150	
45517	80126	
45738	80347	
45763	80372	
45830	80439	
45891	80500	
46834	81443	
47469	82078	
48048	82657	
44629	79238	aspecto
45221	79830	aspecto
47370	81979	aspecto
44251	78860	
44371	78980	
44398	79007	
44405	79014	
44544	79153	
44704	79313	
45202	79811	
45458	80067	
45494	80103	
45503	80112	
45851	80460	
45902	80511	
46132	80741	
46171	80780	
46306	80915	
46329	80938	
46391	81000	
46406	81015	
46425	81034	
46822	81431	
46996	81605	
47112	81721	
47193	81802	
47372	81981	
47419	82028	
47488	82097	
47552	82161	
47843	82452	
47941	82550	
48007	82616	
48166	82775	
48171	82780	
48238	82847	
48266	82875	
48338	82947	
48448	83057	
48454	83063	
48487	83096	
45687	80296	atender
46345	80954	atender
45761	80370	atender
44677	79286	atender
45701	80310	atender
47923	82532	atender
48198	82807	atender
44581	79190	
46015	80624	
47105	81714	
45179	79788	atentar
45264	79873	atentar
46021	80630	atentar
45563	80172	atentar
46736	81345	atento
47090	81699	atender
47176	81785	atender
45288	79897	atravesar
44667	79276	aumentar
46087	80696	aunque
45555	80164	averiguar
44512	79121	
46469	81078	azul
46953	81562	
45085	79694	baja
45096	79705	baja
45982	80591	bajar
44633	79242	bajar
47320	81929	
46563	81172	
47311	81920	
47413	82022	bastante
44490	79099	bata
44936	79545	
44955	79564	
45135	79744	
45240	79849	
45333	79942	
45921	80530	
46232	80841	
47263	81872	
47355	81964	
48110	82719	
46670	81279	
46768	81377	
47861	82470	beber
46739	81348	
44696	79305	bendición
46542	81151	bendición
47438	82047	bendición
46399	81008	bendecir
46409	81018	bendecir
46211	80820	bendecir
46442	81051	
46706	81315	
46838	81447	
47540	82149	
44235	78844	bien
44263	78872	bien
44297	78906	bien
44389	78998	bien
44410	79019	bien
44469	79078	bien
44472	79081	bien
44507	79116	bien
44550	79159	bien
44716	79325	bien
44720	79329	bien
44973	79582	bien
45119	79728	bien
45194	79803	bien
45522	80131	bien
45703	80312	bien
45740	80349	bien
45756	80365	bien
45760	80369	bien
45997	80606	bien
46056	80665	bien
46633	81242	bien
46638	81247	bien
46728	81337	bien
46764	81373	bien
46794	81403	bien
46832	81441	bien
46861	81470	bien
46875	81484	bien
46909	81518	bien
46952	81561	bien
47065	81674	bien
47136	81745	bien
47142	81751	bien
47145	81754	bien
47191	81800	bien
47336	81945	bien
47346	81955	bien
47406	82015	bien
47538	82147	bien
47622	82231	bien
47674	82283	bien
47841	82450	bien
47955	82564	bien
47991	82600	bien
48051	82660	bien
48260	82869	bien
48262	82871	bien
48484	83093	bien
48354	82963	bienvenida
48356	82965	bienvenida
44491	79100	blanco
45068	79677	
45430	80039	boca
45945	80554	bolsillo
46535	81144	bonito
47378	81987	brindar
47456	82065	brindar
47390	81999	brindar
44325	78934	bueno
44378	78987	bueno
44812	79421	bueno
45409	80018	bueno
45468	80077	bueno
45486	80095	bueno
45811	80420	bueno
45893	80502	bueno
46072	80681	bueno
46083	80692	bueno
46246	80855	bueno
46376	80985	bueno
46415	81024	bueno
47381	81990	bueno
47485	82094	bueno
48032	82641	bueno
48151	82760	bueno
44249	78858	bueno
44403	79012	bueno
44417	79026	bueno
44546	79155	bueno
44702	79311	bueno
45205	79814	bueno
45233	79842	bueno
45502	80111	bueno
45904	80513	bueno
46424	81033	bueno
46821	81430	bueno
47377	81986	bueno
47421	82030	bueno
47508	82117	bueno
47588	82197	bueno
47791	82400	bueno
47846	82455	bueno
47962	82571	bueno
48006	82615	bueno
48177	82786	bueno
48376	82985	bueno
48453	83062	bueno
44362	78971	bueno
44448	79057	bueno
44463	79072	bueno
44692	79301	bueno
45215	79824	bueno
45439	80048	bueno
46144	80753	bueno
46177	80786	bueno
46967	81576	bueno
47830	82439	bueno
48269	82878	bueno
48381	82990	bueno
47465	82074	bueno
47638	82247	bueno
47914	82523	
46939	81548	buscar
47655	82264	
44192	78801	cabellar
45656	80265	cabeza
45959	80568	cabeza
45971	80580	cabeza
46586	81195	cabeza
48324	82933	cabeza
46254	80863	cabina
47935	82544	cabina
44766	79375	cabina
44776	79385	cabina
46320	80929	cabina
48069	82678	cabina
44184	78793	cada
45608	80217	cada
45947	80556	cada
46253	80862	cada
44661	79270	
47247	81856	
47426	82035	
44843	79452	
46659	81268	caja
44175	78784	
44265	78874	
44268	78877	
44761	79370	
44769	79378	
46193	80802	
46544	81153	
46545	81154	
46546	81155	
47160	81769	
47343	81952	
47760	82369	
48000	82609	
48258	82867	
46107	80716	calentador
46121	80730	calentador
47159	81768	calentador
48292	82901	calentador
48296	82905	calentador
46039	80648	calentar
47221	81830	calentar
46877	81486	
47094	81703	
47109	81718	
44351	78960	calidad
47704	82313	calidad
48303	82912	calidad
48278	82887	calidez
47823	82432	
44511	79120	calentar
44518	79127	calentar
44750	79359	calentar
44783	79392	calentar
44818	79427	calentar
44869	79478	calentar
45020	79629	calentar
45173	79782	calentar
45187	79796	calentar
45714	80323	calentar
45748	80357	calentar
46412	81021	calentar
46550	81159	calentar
46769	81378	calentar
47120	81729	calentar
47128	81737	calentar
47162	81771	calentar
47286	81895	calentar
47297	81906	calentar
48148	82757	calentar
46568	81177	calentar
47862	82471	calentar
48094	82703	
44200	78809	calor
44279	78888	calor
46105	80714	calor
46317	80926	calor
47082	81691	calor
46988	81597	
45975	80584	cama
48068	82677	cambiar
44179	78788	cambiar
45844	80453	cambiar
47326	81935	cambiar
46421	81030	cambiar
48529	83138	cambiar
48532	83141	cambiar
45060	79669	camilla
45297	79906	camilla
45583	80192	camilla
45652	80261	camilla
45717	80326	camilla
46291	80900	camilla
46574	81183	camilla
48042	82651	camilla
48549	83158	camilla
44754	79363	camilla
45368	79977	camilla
45414	80023	camilla
45661	80270	camilla
46510	81119	camilla
46048	80657	caminar
45781	80390	canal
45800	80409	canal
48435	83044	cantidad
45294	79903	cara
45422	80031	cara
47997	82606	cara
45002	79611	cargar
46514	81123	cascar
46529	81138	cascada
45374	79983	cascada
48075	82684	cascada
45354	79963	causar
45004	79613	celular
45057	79666	cera
48143	82752	
48104	82713	cerrar
44502	79111	
44578	79187	chico
44239	78848	chico
44730	79339	chico
45480	80089	chico
46078	80687	chico
47618	82227	chico
47920	82529	chico
48336	82945	chico
47341	81950	chimenea
46158	80767	chocolate
44659	79268	
47147	81756	chorro
47167	81776	chorro
48543	83152	cielo
48507	83116	citar
48345	82954	
45663	80272	clava
45689	80298	cliente
46271	80880	cliente
46370	80979	cliente
47826	82435	cliente
46347	80956	cliente
47635	82244	cliente
48437	83046	cliente
47207	81816	clima
44294	78903	climatizar
47679	82288	climatizar
48515	83124	
46195	80804	cobija
44748	79357	colocar
44768	79377	colocar
47284	81893	colocar
47295	81904	colocar
44886	79495	combar
44302	78911	
44630	79239	comer
44835	79444	comer
44894	79503	comer
46562	81171	comer
46960	81569	comer
47018	81627	comer
47545	82154	comer
47640	82249	comer
48540	83149	comer
45586	80195	
45622	80231	
47482	82091	
44785	79394	comodidad
46037	80646	comodidad
47198	81807	comodidad
47227	81836	comodidad
47500	82109	comodidad
47994	82603	comodidad
45211	79820	
45283	79892	
46062	80671	
46284	80893	
46030	80639	complacer
46147	80756	complementar
47466	82075	complemento
47156	81765	
48067	82676	
48332	82941	completar
48415	83024	
48517	83126	
44283	78892	con
44436	79045	con
44542	79151	con
44594	79203	con
44796	79405	con
45251	79860	con
45311	79920	con
45556	80165	con
45697	80306	con
45718	80327	con
45793	80402	con
45862	80471	con
46079	80688	con
46157	80766	con
46248	80857	con
46357	80966	con
46368	80977	con
46466	81075	con
46474	81083	con
46479	81088	con
46548	81157	con
46566	81175	con
46642	81251	con
46682	81291	con
46688	81297	con
46749	81358	con
46759	81368	con
47062	81671	con
47684	82293	con
47824	82433	con
47873	82482	con
48277	82886	con
48312	82921	con
48504	83113	con
47812	82421	
47097	81706	confianza
47455	82064	confianza
47782	82391	confortable
48420	83029	conocer
46490	81099	
47903	82512	
47662	82271	
44721	79330	continuar
47468	82077	continuar
45516	80125	
48088	82697	contra
47490	82099	cordial
47816	82425	corporal
46899	81508	cortar
44952	79561	cosa
46947	81556	cosa
45836	80445	costo
48424	83033	crear
48419	83028	crear
47244	81853	crema
45325	79934	crear
45646	80255	crear
46336	80945	cual
46351	80960	cual
47388	81997	cual
47571	82180	cual
45424	80033	cuando
45803	80412	cuando
45877	80486	cuando
47794	82403	4
45308	79917	cubrir
45322	79931	cuello
48556	83165	cuello
44628	79237	contar
46666	81275	contar
47204	81813	contar
44300	78909	contar
44639	79248	cuerpo
45733	80342	
47096	81705	dar
48184	82793	dado
44494	79103	
44582	79191	
44623	79232	
45188	79797	
46742	81351	
46839	81448	
46845	81454	
47138	81747	
48116	82725	
45998	80607	
46013	80622	
46153	80762	
46323	80932	
47828	82437	
48240	82849	
46621	81230	dar
46668	81277	dar
46915	81524	dar
46485	81094	
44160	78769	de
44199	78808	de
44232	78841	de
44306	78915	de
44331	78940	de
44570	79179	de
44588	79197	de
44592	79201	de
44632	79241	de
44657	79266	de
44827	79436	de
44860	79469	de
44879	79488	de
44892	79501	de
44899	79508	de
44908	79517	de
44917	79526	de
45028	79637	de
45047	79656	de
45090	79699	de
45101	79710	de
45115	79724	de
45238	79847	de
45254	79863	de
45292	79901	de
45295	79904	de
45321	79930	de
45387	79996	de
45472	80081	de
45530	80139	de
45541	80150	de
45549	80158	de
45569	80178	de
45610	80219	de
45615	80224	de
45632	80241	de
45643	80252	de
45655	80264	de
45723	80332	de
45806	80415	de
45857	80466	de
45873	80482	de
45911	80520	de
45928	80537	de
45931	80540	de
45946	80555	de
45989	80598	de
46003	80612	de
46076	80685	de
46094	80703	de
46114	80723	de
46187	80796	de
46200	80809	de
46230	80839	de
46288	80897	de
46298	80907	de
46344	80953	de
46430	81039	de
46449	81058	de
46497	81106	de
46508	81117	de
46527	81136	de
46572	81181	de
46623	81232	de
46626	81235	de
46629	81238	de
46672	81281	de
46797	81406	de
46828	81437	de
46850	81459	de
46878	81487	de
46936	81545	de
46948	81557	de
46989	81598	de
47009	81618	de
47014	81623	de
47046	81655	de
47071	81680	de
47077	81686	de
47148	81757	de
47231	81840	de
47258	81867	de
47261	81870	de
47292	81901	de
47303	81912	de
47349	81958	de
47445	82054	de
47636	82245	de
47653	82262	de
47688	82297	de
47699	82308	de
47803	82412	de
47888	82497	de
47890	82499	de
47906	82515	de
47918	82527	de
47942	82551	de
47958	82567	de
47975	82584	de
48012	82621	de
48040	82649	de
48073	82682	de
48079	82688	de
48089	82698	de
48092	82701	de
48103	82712	de
48108	82717	de
48125	82734	de
48128	82737	de
48132	82741	de
48179	82788	de
48219	82828	de
48239	82848	de
48314	82923	de
48353	82962	de
48358	82967	de
48361	82970	de
48410	83019	de
48417	83026	de
48436	83045	de
45327	79936	debe
47234	81843	debe
45245	79854	deber
45648	80257	deber
44291	78900	
44747	79356	
44767	79376	
44944	79553	
45369	79978	
45415	80024	
46558	81167	
45802	80411	decir
47052	81661	
47400	82009	
46757	81366	dedicar
44552	79161	
45323	79932	
45001	79610	dejar
44246	78855	de+el
44426	79035	de+el
44537	79146	de+el
44634	79243	de+el
44668	79277	de+el
44847	79456	de+el
44926	79535	de+el
45014	79623	de+el
45074	79683	de+el
45279	79888	de+el
45602	80211	de+el
45613	80222	de+el
45777	80386	de+el
45785	80394	de+el
45819	80428	de+el
45825	80434	de+el
45837	80446	de+el
45865	80474	de+el
45993	80602	de+el
46167	80776	de+el
46219	80828	de+el
46536	81145	de+el
46555	81164	de+el
46592	81201	de+el
46647	81256	de+el
46918	81527	de+el
47116	81725	de+el
47329	81938	de+el
47373	81982	de+el
47555	82164	de+el
47630	82239	de+el
47663	82272	de+el
47671	82280	de+el
47719	82328	de+el
47732	82341	de+el
48023	82632	de+el
48156	82765	de+el
48279	82888	de+el
48317	82926	de+el
48371	82980	de+el
48386	82995	de+el
48555	83164	de+el
46008	80617	delicado
48341	82950	delicioso
45715	80324	delicioso
46184	80793	delicioso
46913	81522	delicioso
47417	82026	delicioso
47534	82143	delicioso
48150	82759	delicioso
46577	81186	demasiado
47003	81612	demasiado
45654	80263	
45719	80328	
44988	79597	descansar
48011	82620	
46016	80625	
45623	80232	desechable
45962	80571	desechable
46312	80921	
46268	80877	
46625	81234	
47897	82506	detallista
44970	79579	
44712	79321	diana
47542	82151	diana
45707	80316	diciembre
47623	82232	
45547	80156	dar
44573	79182	diferente
45146	79755	diferente
45599	80208	diferente
44647	79256	diferente
44587	79196	
46445	81054	decir
46213	80822	dios
46407	81016	dios
46440	81049	dios
44797	79406	
48326	82935	disfrutar
47068	81677	disminuir
45442	80051	disponible
46238	80847	distraer
46098	80707	distraer
46847	81456	
45366	79975	divino
45355	79964	dolor
48409	83018	dolor
44946	79555	donde
45053	79662	donde
45128	79737	donde
45346	79955	donde
45955	80564	donde
46856	81465	donde
45446	80055	do
45479	80088	do
46023	80632	do
47275	81884	do
44430	79039	ducha
44599	79208	ducha
44781	79390	ducha
44829	79438	ducha
44872	79481	ducha
44881	79490	ducha
45018	79627	ducha
45046	79655	ducha
45338	79947	ducha
46547	81156	ducha
47150	81759	ducha
47165	81774	ducha
47289	81898	ducha
47300	81909	ducha
44753	79362	
47233	81842	ducha
48467	83076	ducha
48394	83003	duda
46806	81415	dolar
44465	79074	durar
45063	79672	durar
46889	81498	durante
45258	79867	durar
45950	80559	durar
48561	83170	
48550	83159	e
45653	80262	
47715	82324	
44286	78895	efectivo
45699	80308	efecto
47291	81900	efecto
47302	81911	efecto
47603	82212	ejercicio
44163	78772	el
44191	78800	el
44202	78811	el
44210	78819	el
44253	78862	el
44281	78890	el
44289	78898	el
44304	78913	el
44375	78984	el
44453	79062	el
44503	79112	el
44509	79118	el
44612	79221	el
44615	79224	el
44638	79247	el
44682	79291	el
44763	79372	el
44772	79381	el
44807	79416	el
44833	79442	el
44837	79446	el
44906	79515	el
44924	79533	el
45009	79618	el
45031	79640	el
45113	79722	el
45126	79735	el
45152	79761	el
45185	79794	el
45207	79816	el
45216	79825	el
45225	79834	el
45252	79861	el
45272	79881	el
45284	79893	el
45290	79899	el
45302	79911	el
45349	79958	el
45357	79966	el
45467	80076	el
45509	80118	el
45572	80181	el
45684	80293	el
45698	80307	el
45734	80343	el
45746	80355	el
45771	80380	el
45791	80400	el
45817	80426	el
45835	80444	el
45863	80472	el
45966	80575	el
45973	80582	el
45983	80592	el
45991	80600	el
46043	80652	el
46123	80732	el
46134	80743	el
46174	80783	el
46179	80788	el
46190	80799	el
46224	80833	el
46228	80837	el
46301	80910	el
46310	80919	el
46361	80970	el
46369	80978	el
46372	80981	el
46392	81001	el
46475	81084	el
46489	81098	el
46495	81104	el
46553	81162	el
46570	81179	el
46590	81199	el
46596	81205	el
46602	81211	el
46605	81214	el
46614	81223	el
46640	81249	el
46700	81309	el
46772	81381	el
46789	81398	el
46795	81404	el
46817	81426	el
46865	81474	el
46894	81503	el
46928	81537	el
47012	81621	el
47066	81675	el
47075	81684	el
47098	81707	el
47146	81755	el
47194	81803	el
47206	81815	el
47222	81831	el
47240	81849	el
47246	81855	el
47252	81861	el
47319	81928	el
47327	81936	el
47352	81961	el
47362	81971	el
47391	82000	el
47425	82034	el
47448	82057	el
47512	82121	el
47515	82124	el
47527	82136	el
47573	82182	el
47641	82250	el
47651	82260	el
47675	82284	el
47724	82333	el
47730	82339	el
47747	82356	el
47770	82379	el
47785	82394	el
47825	82434	el
47866	82475	el
47871	82480	el
47909	82518	el
47927	82536	el
47944	82553	el
47969	82578	el
48016	82625	el
48038	82647	el
48052	82661	el
48061	82670	el
48071	82680	el
48077	82686	el
48098	82707	el
48101	82710	el
48106	82715	el
48123	82732	el
48173	82782	el
48247	82856	el
48282	82891	el
48318	82927	el
48408	83017	el
48525	83134	el
48542	83151	el
46958	81567	elementar
45834	80443	elevar
44800	79409	elevador
47063	81672	él
45560	80169	ellos
47185	81794	ellos
44278	78887	emitir
48398	83007	
44567	79176	emplear
44190	78799	
44183	78792	en
44201	78810	en
44269	78878	en
44299	78908	en
44365	78974	en
44428	79037	en
44627	79236	en
44751	79360	en
44762	79371	en
44770	79379	en
44779	79388	en
44832	79441	en
44836	79445	en
44885	79494	en
45008	79617	en
45016	79625	en
45030	79639	en
45033	79642	en
45058	79667	en
45088	79697	en
45099	79708	en
45218	79827	en
45268	79877	en
45277	79886	en
45289	79898	en
45331	79940	en
45356	79965	en
45427	80036	en
45474	80083	en
45607	80216	en
45628	80237	en
45666	80275	en
45706	80315	en
45799	80408	en
45871	80480	en
45908	80517	en
45914	80523	en
45936	80545	en
45972	80581	en
45987	80596	en
46122	80731	en
46236	80845	en
46242	80851	en
46252	80861	en
46264	80873	en
46285	80894	en
46318	80927	en
46809	81418	en
46923	81532	en
46968	81577	en
47011	81620	en
47074	81683	en
47110	81719	en
47121	81730	en
47129	81738	en
47163	81772	en
47203	81812	en
47287	81896	en
47298	81907	en
47309	81918	en
47351	81960	en
47361	81970	en
47367	81976	en
47504	82113	en
47529	82138	en
47723	82332	en
47813	82422	en
47933	82542	en
47949	82558	en
48087	82696	en
48100	82709	en
48172	82781	en
48274	82883	en
48541	83150	en
48551	83160	en
45979	80588	
44736	79345	encantar
44806	79415	encantar
46418	81027	encantar
46788	81397	encantar
48226	82835	encantar
48490	83099	encantar
47307	81916	
48426	83035	enfocar
45627	80236	
44882	79491	entrada
45256	79865	entrada
46533	81142	entrada
47070	81679	entrada
48521	83130	entrar
48526	83135	epa
46166	80775	equipar
44718	79327	era
47274	81883	erar
44227	78836	ser
44309	78918	ser
44585	79194	ser
44600	79209	ser
44618	79227	ser
45061	79670	ser
45209	79818	ser
45282	79891	ser
45307	79916	ser
45574	80183	ser
46019	80628	ser
46221	80830	ser
46484	81093	ser
46801	81410	ser
47091	81700	ser
47208	81817	ser
47218	81827	ser
47557	82166	ser
47659	82268	ser
47777	82386	ser
47781	82390	ser
47783	82392	ser
48034	82643	ser
48055	82664	ser
48084	82693	ser
48162	82771	ser
48382	82991	ser
48412	83021	ser
48427	83036	ser
44543	79152	ese
46447	81056	ese
44834	79443	
44857	79466	escucha
46588	81197	escucha
48122	82731	escucha
46698	81307	escuchar
44913	79522	escuchar
46223	80832	escuchar
47682	82291	escuchar
46613	81222	escuchar
44991	79600	escuchar
45151	79760	escuchar
46111	80720	escuchar
47931	82540	escuchar
45886	80495	esencia
46689	81298	esencia
47022	81631	ese
44792	79401	espaciar
44984	79593	espaciar
46888	81497	espaciar
48411	83020	espada
46381	80990	espalda
46799	81408	espalda
47123	81732	espalda
47131	81740	espalda
44584	79193	especial
46155	80764	especial
48308	82917	especial
45827	80436	especializar
46808	81417	
45395	80004	espectacular
45639	80248	espectacular
46463	81072	espectacular
46494	81103	espectacular
47430	82039	espectacular
47852	82461	espectacular
48169	82778	espectacular
47907	82516	espera
48221	82830	esposar
45007	79616	este
45036	79645	este
45287	79896	este
45426	80035	este
45996	80605	este
47140	81749	este
47954	82563	este
48019	82628	este
45384	79993	estar
46891	81500	
47215	81824	
44220	78829	estar
45370	79979	estar
45926	80535	estar
46282	80891	estar
45641	80250	este
46887	81496	este
44364	78973	
48056	82665	estimulante
45695	80304	este
46480	81089	este
45271	79880	estupendo
48468	83077	estar
44346	78955	estar
45223	79832	estar
46089	80698	estar
46907	81516	estar
46951	81560	estar
47404	82013	estar
47990	82599	estar
48284	82893	estar
44841	79450	evitar
46178	80787	evitar
46189	80798	evitar
44261	78870	excelente
44318	78927	excelente
44347	78956	excelente
44348	78957	excelente
44357	78966	excelente
44370	78979	excelente
44377	78986	excelente
44431	79040	excelente
44442	79051	excelente
44443	79052	excelente
44446	79055	excelente
44460	79069	excelente
44497	79106	excelente
44500	79109	excelente
44561	79170	excelente
44693	79302	excelente
44724	79333	excelente
44804	79413	excelente
44849	79458	excelente
44995	79604	excelente
44999	79608	excelente
45037	79646	excelente
45105	79714	excelente
45121	79730	excelente
45123	79732	excelente
45177	79786	excelente
45189	79798	excelente
45275	79884	excelente
45299	79908	excelente
45324	79933	excelente
45436	80045	excelente
45443	80052	excelente
45575	80184	excelente
45770	80379	excelente
45808	80417	excelente
45814	80423	excelente
45842	80451	excelente
45850	80459	excelente
45852	80461	excelente
45895	80504	excelente
45898	80507	excelente
45901	80510	excelente
46026	80635	excelente
46034	80643	excelente
46081	80690	excelente
46101	80710	excelente
46141	80750	excelente
46162	80771	excelente
46170	80779	excelente
46202	80811	excelente
46206	80815	excelente
46244	80853	excelente
46249	80858	excelente
46333	80942	excelente
46365	80974	excelente
46390	80999	excelente
46403	81012	excelente
46426	81035	excelente
46432	81041	excelente
46607	81216	excelente
46709	81318	excelente
46711	81320	excelente
46722	81331	excelente
46753	81362	excelente
46775	81384	excelente
46815	81424	excelente
46816	81425	excelente
46876	81485	excelente
46995	81604	excelente
47006	81615	excelente
47080	81689	excelente
47189	81798	excelente
47366	81975	excelente
47384	81993	excelente
47474	82083	excelente
47497	82106	excelente
47517	82126	excelente
47660	82269	excelente
47798	82407	excelente
47799	82408	excelente
47939	82548	excelente
47965	82574	excelente
48002	82611	excelente
48120	82729	excelente
48165	82774	excelente
48202	82811	excelente
48206	82815	excelente
48210	82819	excelente
48227	82836	excelente
48232	82841	excelente
48242	82851	excelente
48243	82852	excelente
48256	82865	excelente
48263	82872	excelente
48270	82879	excelente
48285	82894	excelente
48286	82895	excelente
48305	82914	excelente
48337	82946	excelente
48342	82951	excelente
48347	82956	excelente
48472	83081	excelente
44522	79131	excelente
46011	80620	excelente
46502	81111	excelente
46984	81593	excelente
47820	82429	excelente
48200	82809	excelente
46006	80615	
47911	82520	
48367	82976	
48449	83058	
47294	81903	exfoliante
47305	81914	exfoliante
46540	81149	
47056	81665	expectativa
46102	80711	
44237	78846	experiencia
44416	79025	experiencia
44554	79163	experiencia
45377	79986	experiencia
46067	80676	experiencia
46245	80854	experiencia
46760	81369	experiencia
47738	82347	experiencia
46181	80790	exterior
46192	80801	exterior
46556	81165	exterior
46593	81202	exterior
46616	81225	exterior
46999	81608	exterior
47005	81614	exterior
46702	81311	externo
45165	79774	externo
46766	81375	fabuloso
44896	79505	facial
47818	82427	facial
46639	81248	facilitar
47250	81859	
47322	81931	falta
47424	82033	falta
47880	82489	falta
48533	83142	faltar
44267	78876	favor
44867	79476	favor
45171	79780	favor
46617	81226	favor
47220	81829	favor
47869	82478	favor
46720	81329	favorable
48201	82810	
46063	80672	
44441	79050	
47137	81746	
44369	78978	felicidad
44694	79303	felicidad
45635	80244	felicidad
44178	78787	felicitación
44242	78851	felicitación
44380	78989	felicitación
44406	79015	felicitación
44421	79030	felicitación
44422	79031	felicitación
44439	79048	felicitación
44505	79114	felicitación
44529	79138	felicitación
44727	79336	felicitación
45175	79784	felicitación
45481	80090	felicitación
45813	80422	felicitación
45824	80433	felicitación
45840	80449	felicitación
45854	80463	felicitación
45887	80496	felicitación
46031	80640	felicitación
46085	80694	felicitación
46172	80781	felicitación
46182	80791	felicitación
46204	80813	felicitación
46400	81009	felicitación
46413	81022	felicitación
46419	81028	felicitación
46539	81148	felicitación
46717	81326	felicitación
46761	81370	felicitación
46770	81379	felicitación
46812	81421	felicitación
46910	81519	felicitación
46980	81589	felicitación
46982	81591	felicitación
46983	81592	felicitación
46986	81595	felicitación
47039	81648	felicitación
47267	81876	felicitación
47383	81992	felicitación
47401	82010	felicitación
47402	82011	felicitación
47403	82012	felicitación
47434	82043	felicitación
47467	82076	felicitación
47471	82080	felicitación
47496	82105	felicitación
47518	82127	felicitación
47533	82142	felicitación
47584	82193	felicitación
47678	82287	felicitación
47693	82302	felicitación
47706	82315	felicitación
47754	82363	felicitación
47755	82364	felicitación
47764	82373	felicitación
47806	82415	felicitación
47924	82533	felicitación
47952	82561	felicitación
47960	82569	felicitación
48001	82610	felicitación
48026	82635	felicitación
48049	82658	felicitación
48114	82723	felicitación
48245	82854	felicitación
48288	82897	felicitación
48333	82942	felicitación
48343	82952	felicitación
48378	82987	felicitación
48443	83052	felicitación
48446	83055	felicitación
48451	83060	felicitación
48488	83097	felicitación
48491	83100	felicitación
44492	79101	felicitar
45260	79869	felicitar
45523	80132	felicitar
46069	80678	felicitar
46164	80773	felicitar
46676	81285	felicitar
47510	82119	felicitar
48205	82814	felicitar
46308	80917	felicitar
45199	79808	felicitar
46000	80609	felicitar
46151	80760	felicitar
46321	80930	felicitar
46703	81312	felicitar
46783	81392	felicitar
46836	81445	felicitar
47100	81709	felicitar
47442	82051	felicitar
47853	82462	felicitar
44525	79134	feliz
45196	79805	fenomenal
45304	79913	fenomenal
48514	83123	ficha
46468	81077	filtrar
48370	82979	final
44967	79576	finalizar
44508	79117	
47685	82294	fondo
48362	82971	fondo
44569	79178	forma
44641	79250	fortalecer
45606	80215	fragancia
48385	82994	frecuentar
45371	79980	frente
47153	81762	
47793	82402	
44155	78764	
44173	78782	
44207	78816	
44231	78840	
45724	80333	
46127	80736	
46277	80886	
46851	81460	
47182	81791	
47210	81819	
47763	82372	
47779	82388	
47796	82405	
47839	82448	
48054	82663	
48140	82749	
48164	82773	
48300	82909	
45087	79696	fruto
45098	79707	fruto
46675	81284	fruto
44414	79023	ir
44583	79192	ir
45203	79812	ir
45232	79841	ir
45394	80003	ir
46054	80663	ir
46718	81327	ir
46965	81574	ir
47375	81984	ir
47536	82145	ir
47749	82358	ir
47772	82381	ir
47857	82466	ir
48175	82784	ir
48241	82850	ir
48366	82975	ir
48374	82983	ir
48389	82998	ir
46976	81585	ir
47463	82072	ir
44258	78867	fuerte
47895	82504	fuerte
46691	81300	fuerte
47983	82592	fuerte
46263	80872	forzar
47629	82238	ir
46922	81531	funcionamiento
44182	78791	funda
45034	79643	general
46243	80852	general
46969	81578	general
48020	82629	generar
44650	79259	gente
48127	82736	gente
44523	79132	
46634	81243	
46205	80814	
46705	81314	
46713	81322	
46723	81332	
46740	81349	
46837	81446	
46840	81449	
47036	81645	
47040	81649	
47437	82046	
47539	82148	
44196	78805	gracia
44208	78817	gracia
44298	78907	gracia
44321	78930	gracia
44353	78962	gracia
44391	79000	gracia
44413	79022	gracia
44420	79029	gracia
44445	79054	gracia
44450	79059	gracia
44468	79077	gracia
44474	79083	gracia
44475	79084	gracia
44493	79102	gracia
44547	79156	gracia
44551	79160	gracia
44621	79230	gracia
44652	79261	gracia
44732	79341	gracia
44801	79410	gracia
44802	79411	gracia
44810	79419	gracia
44815	79424	gracia
44998	79607	gracia
45022	79631	gracia
45038	79647	gracia
45174	79783	gracia
45274	79883	gracia
45488	80097	gracia
45491	80100	gracia
45498	80107	gracia
45518	80127	gracia
45576	80185	gracia
45651	80260	gracia
45843	80452	gracia
45896	80505	gracia
45905	80514	gracia
46038	80647	gracia
46103	80712	gracia
46129	80738	gracia
46203	80812	gracia
46360	80969	gracia
46452	81061	gracia
46501	81110	gracia
46620	81229	gracia
46741	81350	gracia
46964	81573	gracia
47168	81777	gracia
47331	81940	gracia
47337	81946	gracia
47412	82021	gracia
47436	82045	gracia
47440	82049	gracia
47491	82100	gracia
47525	82134	gracia
47547	82156	gracia
47549	82158	gracia
47586	82195	gracia
47709	82318	gracia
47740	82349	gracia
47757	82366	gracia
47827	82436	gracia
47864	82473	gracia
47900	82509	gracia
47901	82510	gracia
47967	82576	gracia
47992	82601	gracia
48060	82669	gracia
48168	82777	gracia
48188	82797	gracia
48230	82839	gracia
48236	82845	gracia
48253	82862	gracia
48364	82973	gracia
48377	82986	gracia
48406	83015	gracia
48562	83171	gracia
44698	79307	gran
44710	79319	gran
44969	79578	gran
44983	79592	gran
46328	80937	gran
46578	81187	grande
48044	82653	grande
44756	79365	grande
45907	80516	grande
46842	81451	gratificante
48444	83053	
47260	81869	grito
46199	80808	gruesa
46258	80867	guardar
45040	79649	gustar
45191	79800	gustar
47269	81878	gustar
47735	82344	gustar
45678	80287	gustar
48475	83084	
45024	79633	
47681	82290	
48464	83073	
44395	79004	gustar
46058	80667	gustar
46065	80674	gustar
46356	80965	gustar
47745	82354	gustar
47768	82377	gustar
45076	79685	haber
45551	80160	
47278	81887	
47646	82255	
45880	80489	
44154	78763	hacer
44171	78780	hacer
44205	78814	hacer
44229	78838	hacer
44311	78920	hacer
45720	80329	hacer
46125	80734	hacer
46337	80946	hacer
47180	81789	hacer
47321	81930	hacer
47761	82370	hacer
48298	82907	hacer
44708	79317	hacer
45130	79739	hacer
45167	79776	hacer
45805	80414	hacer
46747	81356	hacer
47024	81633	hacer
48557	83166	hacer
48215	82824	
46512	81121	hacia
47572	82181	hacia
47579	82188	hacia
47600	82209	
44978	79587	hacer
48423	83032	haber
48431	83040	haber
47059	81668	
44158	78767	haber
45107	79716	haber
48158	82767	haber
46823	81432	hermoso
47784	82393	hermoso
48223	82832	hacer
47472	82081	hacer
47831	82440	hacer
44495	79104	hacer
45434	80043	hacer
45930	80539	hora
46343	80952	hora
44211	78820	horario
45735	80344	horario
45441	80050	horario
45603	80212	hotel
45866	80475	hotel
48387	82996	hotel
47639	82248	hotel
48310	82919	hoy
45677	80286	haber
46942	81551	haber
46938	81547	
44164	78773	hueco
45291	79900	hueco
45658	80267	hueco
44959	79568	oler
48383	82992	
45795	80404	
44352	78961	humanar
47705	82314	humanar
48304	82913	humanar
45731	80340	
46609	81218	ideal
47048	81657	identificar
47333	81942	igual
46945	81554	implementar
44656	79265	
46957	81566	
47019	81628	
46961	81570	
45250	79859	incluir
47347	81956	incluir
47722	82331	incluir
47577	82186	
47560	82169	incomodar
48547	83156	incomodar
48037	82646	incomodar
46582	81191	
45224	79833	
47728	82337	incrementar
48433	83042	incrementar
45612	80221	independiente
45527	80136	
45538	80147	
45692	80301	
46901	81510	ingresar
47117	81726	ingresar
46673	81282	iniciar
48218	82827	insistencia
46218	80827	
44310	78919	insoportable
45070	79679	
44816	79425	instalar
45184	79793	instalar
44688	79297	instrumento
45696	80305	interferir
46551	81160	interferir
46117	80726	
48492	83101	invitar
45924	80533	
47266	81875	
48113	82722	
46235	80844	
44533	79142	
44717	79326	
45169	79778	
45445	80054	
45455	80064	
48309	82918	
46397	81006	
45176	79785	juliano
45197	79806	juliano
45231	79840	juliano
45841	80450	juliano
46914	81523	juliano
47107	81716	juliano
47219	81828	justar
44236	78845	el
44250	78859	el
44270	78879	el
44307	78916	el
44313	78922	el
44336	78945	el
44342	78951	el
44424	79033	el
44429	79038	el
44515	79124	el
44531	79140	el
44535	79144	el
44558	79167	el
44577	79186	el
44598	79207	el
44649	79258	el
44703	79312	el
44737	79346	el
44752	79361	el
44780	79389	el
44825	79434	el
44828	79437	el
44845	79454	el
44851	79460	el
44858	79467	el
44861	79470	el
44871	79480	el
44880	79489	el
44909	79518	el
44918	79527	el
44948	79557	el
44993	79602	el
45012	79621	el
45017	79626	el
45051	79660	el
45056	79665	el
45059	79668	el
45069	79678	el
45072	79681	el
45143	79752	el
45201	79810	el
45236	79845	el
45255	79864	el
45293	79902	el
45296	79905	el
45300	79909	el
45344	79953	el
45378	79987	el
45396	80005	el
45421	80030	el
45428	80037	el
45457	80066	el
45493	80102	el
45500	80109	el
45524	80133	el
45582	80191	el
45594	80203	el
45601	80210	el
45630	80239	el
45667	80276	el
45670	80279	el
45725	80334	el
45855	80464	el
45909	80518	el
45915	80524	el
45929	80538	el
45953	80562	el
45958	80567	el
45970	80579	el
46051	80660	el
46066	80675	el
46112	80721	el
46118	80727	el
46131	80740	el
46139	80748	el
46217	80826	el
46286	80895	el
46319	80928	el
46342	80951	el
46460	81069	el
46506	81115	el
46513	81122	el
46525	81134	el
46528	81137	el
46573	81182	el
46585	81194	el
46599	81208	el
46627	81236	el
46645	81254	el
46678	81287	el
46685	81294	el
46729	81338	el
46755	81364	el
46778	81387	el
46785	81394	el
46798	81407	el
46883	81492	el
46890	81499	el
46971	81580	el
47034	81643	el
47037	81646	el
47069	81678	el
47072	81681	el
47086	81695	el
47101	81710	el
47111	81720	el
47122	81731	el
47130	81739	el
47149	81758	el
47164	81773	el
47192	81801	el
47197	81806	el
47229	81838	el
47288	81897	el
47299	81908	el
47310	81919	el
47371	81980	el
47385	81994	el
47387	81996	el
47399	82008	el
47407	82016	el
47418	82027	el
47561	82170	el
47589	82198	el
47610	82219	el
47654	82263	el
47661	82270	el
47695	82304	el
47716	82325	el
47788	82397	el
47842	82451	el
47855	82464	el
47934	82543	el
47940	82549	el
47963	82572	el
47996	82605	el
48013	82622	el
48041	82650	el
48090	82699	el
48126	82735	el
48136	82745	el
48154	82763	el
48170	82779	el
48211	82820	el
48237	82846	el
48302	82911	el
48323	82932	el
48440	83049	el
48456	83065	el
48486	83095	el
48513	83122	el
48522	83131	el
48548	83157	el
48552	83161	el
44711	79320	labor
46712	81321	labor
46844	81453	labor
47951	82560	labor
46448	81057	labor
47633	82242	
45533	80142	
47569	82178	larga
44216	78825	el
44238	78847	el
44244	78853	el
44434	79043	el
44489	79098	el
44575	79184	el
44706	79315	el
44729	79338	el
44775	79384	el
44787	79396	el
44915	79524	el
44951	79560	el
45360	79969	el
45367	79976	el
45373	79982	el
45413	80022	el
45478	80087	el
45708	80317	el
45741	80350	el
46022	80631	el
46077	80686	el
46265	80874	el
46509	81118	el
46520	81129	el
46903	81512	el
46974	81583	el
47170	81779	el
47212	81821	el
47232	81841	el
47243	81852	el
47315	81924	el
47530	82139	el
47553	82162	el
47564	82173	el
47597	82206	el
47617	82226	el
47712	82321	el
47737	82346	el
47804	82413	el
47919	82528	el
48021	82630	el
48028	82637	el
48074	82683	el
48191	82800	el
48335	82944	el
48466	83075	el
48478	83087	el
48528	83137	el
48531	83140	el
45981	80590	le
46863	81472	le
47394	82003	le
47423	82032	le
46456	81065	le
47441	82050	le
44895	79504	
47607	82216	llamada
45878	80487	llegar
47612	82221	llegar
46827	81436	llena
48512	83121	llenar
44225	78834	el
44462	79071	el
44477	79086	el
44642	79251	el
44664	79273	el
45110	79719	el
46061	80670	el
46136	80745	el
46335	80944	el
46350	80959	el
46382	80991	el
46481	81090	el
46802	81411	el
46857	81466	el
46931	81540	el
46937	81546	el
46941	81550	el
47396	82005	el
47570	82179	el
47833	82442	el
47858	82467	el
48222	82831	el
48418	83027	el
44613	79222	lodo
47223	81832	lodo
47241	81850	lodo
47253	81862	lodo
46483	81092	lograr
44332	78941	el
44687	79296	el
44935	79544	el
44954	79563	el
45003	79612	el
45131	79740	el
45134	79743	el
45154	79763	el
45163	79772	el
45198	79807	el
45220	79829	el
45239	79848	el
45309	79918	el
45332	79941	el
45476	80085	el
45566	80175	el
45775	80384	el
45783	80392	el
45794	80403	el
45874	80483	el
45920	80529	el
46231	80840	el
46259	80868	el
46346	80955	el
46441	81050	el
46810	81419	el
46835	81444	el
47078	81687	el
47259	81868	el
47262	81871	el
47293	81902	el
47304	81913	el
47369	81978	el
47446	82055	el
47601	82210	el
47814	82423	el
48080	82689	el
48109	82718	el
48180	82789	el
48250	82859	el
48320	82929	el
44616	79225	lugar
45127	79736	lugar
45208	79817	lugar
45638	80247	lugar
46855	81464	lugar
46925	81534	lugar
47099	81708	lugar
47195	81804	lugar
45083	79692	luz
45095	79704	luz
47073	81682	luz
45774	80383	
44964	79573	magnificar
47750	82359	magnificar
47773	82382	magnificar
44941	79550	mal
44961	79570	mal
45141	79750	mal
45342	79951	mal
44602	79211	malo
44379	78988	manejar
45766	80375	
45769	80378	
47492	82101	
47898	82507	manar
44193	78802	mano
44576	79185	mano
46002	80611	mano
46012	80621	mano
46210	80819	mano
46266	80875	mano
47316	81925	mano
48119	82728	mano
46280	80889	manta
44758	79367	manta
45890	80499	mantener
48537	83146	maravilla
45847	80456	maravilloso
46090	80699	maravilloso
47707	82316	maravilloso
46161	80770	
46325	80934	
48081	82690	martillo
44166	78775	mas
44213	78822	mas
44223	78832	mas
44257	78866	mas
44285	78894	mas
44293	78902	mas
44645	79254	mas
44672	79281	mas
44755	79364	mas
44784	79393	mas
44890	79499	mas
44904	79513	mas
44922	79531	mas
44992	79601	mas
45019	79628	mas
45027	79636	mas
45049	79658	mas
45067	79676	mas
45077	79686	mas
45084	79693	mas
45093	79702	mas
45259	79868	mas
45329	79938	mas
45400	80009	mas
45526	80135	mas
45579	80188	mas
45585	80194	mas
45650	80259	mas
45790	80399	mas
45869	80478	mas
45941	80550	mas
45951	80560	mas
46042	80651	mas
46046	80655	mas
46093	80702	mas
46104	80713	mas
46198	80807	mas
46262	80871	mas
46269	80878	mas
46283	80892	mas
46297	80906	mas
46316	80925	mas
46683	81292	mas
46690	81299	mas
46804	81413	mas
46886	81495	mas
46916	81525	mas
46946	81555	mas
46987	81596	mas
47081	81690	mas
47226	81835	mas
47256	81865	mas
47318	81927	mas
47811	82420	mas
47876	82485	mas
47884	82493	mas
47932	82541	mas
47956	82565	mas
47982	82591	mas
47986	82595	mas
47993	82602	mas
47999	82608	mas
48133	82742	mas
48147	82756	mas
48416	83025	mas
48469	83078	mas
48560	83169	mas
44254	78863	masaje
44282	78891	masaje
44319	78928	masaje
44538	79147	masaje
44571	79180	masaje
44980	79589	masaje
45032	79641	masaje
45114	79723	masaje
45226	79835	masaje
45273	79882	masaje
45280	79889	masaje
45685	80294	masaje
45809	80418	masaje
45820	80429	masaje
45992	80601	masaje
46084	80693	masaje
46156	80765	masaje
46163	80772	masaje
46247	80856	masaje
46272	80881	masaje
46302	80911	masaje
46377	80986	masaje
46416	81025	masaje
46427	81036	masaje
46496	81105	masaje
46790	81399	masaje
47007	81616	masaje
47330	81939	masaje
47392	82001	masaje
47556	82165	masaje
47574	82183	masaje
47733	82342	masaje
47910	82519	masaje
47966	82575	masaje
47976	82585	masaje
48053	82662	masaje
48174	82783	masaje
48283	82892	masaje
48287	82896	masaje
48319	82928	masaje
48372	82981	masaje
44690	79299	masaje
45132	79741	masaje
45611	80220	masaje
45616	80225	masaje
45633	80242	masaje
45848	80457	masaje
45875	80484	masaje
46503	81112	masaje
46565	81174	masaje
46748	81357	masaje
47079	81688	masaje
47691	82300	masaje
47959	82568	masaje
45262	79871	masajista
45525	80134	masajista
46100	80709	masajista
46207	80816	masajista
47856	82465	masajista
47847	82456	mascarilla
47236	81845	
44822	79431	material
44478	79087	
47859	82468	
45537	80146	mayor
44789	79398	mayor
45042	79651	
44386	78995	me
44394	79003	me
44407	79016	me
44580	79189	me
44735	79344	me
44743	79352	me
44805	79414	me
44977	79586	me
45023	79632	me
45117	79726	me
45190	79799	me
45546	80155	me
45676	80285	me
45757	80366	me
45978	80587	me
46057	80666	me
46064	80673	me
46352	80961	me
46378	80987	me
46417	81026	me
46575	81184	me
46635	81244	me
46725	81334	me
46731	81340	me
46787	81396	me
46805	81414	me
46852	81461	me
46869	81478	me
47041	81650	me
47058	81667	me
47089	81698	me
47104	81713	me
47154	81763	me
47268	81877	me
47389	81998	me
47476	82085	me
47535	82144	me
47543	82152	me
47592	82201	me
47599	82208	me
47680	82289	me
47734	82343	me
47744	82353	me
47767	82376	me
47922	82531	me
47936	82545	me
48064	82673	me
48183	82792	me
48225	82834	me
48329	82938	me
48463	83072	me
48474	83083	me
48489	83098	me
48538	83147	me
47035	81644	
44454	79063	mejor
45080	79689	mejor
45230	79839	mejor
45376	79985	mejor
46866	81475	mejor
47038	81647	mejor
48397	83006	mejor
48516	83125	mejor
44423	79032	mejorar
44514	79123	mejorar
45011	79620	mejorar
45246	79855	mejorar
45660	80269	mejorar
46216	80825	mejorar
47596	82205	mejorar
48105	82714	mejorar
48141	82750	mejorar
48181	82790	mejor
47314	81923	menos
47904	82513	menos
45358	79967	
47353	81962	
45591	80200	mesa
45558	80167	mesero
44481	79090	mi
45388	79997	mi
45680	80289	mi
46380	80989	mi
46662	81271	mi
47049	81658	mi
48046	82655	mi
48220	82829	mi
44636	79245	mientras
45005	79614	mientras
45822	80431	miguel
44651	79260	mil
46500	81109	mil
46979	81588	mil
46981	81590	mil
47435	82044	mil
47548	82157	mil
47899	82508	mil
48445	83054	mil
44678	79287	
44679	79288	minuto
47614	82223	minuto
48496	83105	minuto
48509	83118	minuto
47055	81664	mi
47717	82326	mismo
47602	82211	mismo
44986	79595	momento
47115	81724	momento
48102	82711	momento
48276	82885	momento
44437	79046	movilidad
47581	82190	movimiento
45832	80441	
47454	82063	mucho
47703	82312	mucho
44177	78786	mucho
44320	78929	mucho
44390	78999	mucho
44444	79053	mucho
44449	79058	mucho
44467	79076	mucho
44809	79418	mucho
44814	79423	mucho
44997	79606	mucho
45021	79630	mucho
45497	80106	mucho
45823	80432	mucho
46128	80737	mucho
46538	81147	mucho
46619	81228	mucho
47439	82048	mucho
47470	82079	mucho
47495	82104	mucho
47585	82194	mucho
47677	82286	mucho
47739	82348	mucho
47756	82365	mucho
47863	82472	mucho
48059	82668	mucho
48167	82776	mucho
48187	82796	mucho
48229	82838	mucho
48363	82972	mucho
44412	79021	
44172	78781	mucho
44206	78815	mucho
44230	78839	mucho
44327	78936	mucho
44396	79005	mucho
45192	79801	mucho
46059	80668	mucho
46126	80735	mucho
46552	81161	mucho
46589	81198	mucho
46997	81606	mucho
47181	81790	mucho
47746	82355	mucho
47762	82371	mucho
47769	82378	mucho
48139	82748	mucho
48159	82768	mucho
48254	82863	mucho
48299	82908	mucho
48327	82936	mucho
47580	82189	mucho
45967	80576	mundo
47815	82424	
44161	78770	musicar
44245	78854	musicar
44338	78947	musicar
44360	78969	musicar
44526	79135	musicar
44846	79455	musicar
44859	79468	musicar
44910	79519	musicar
44994	79603	musicar
45144	79753	musicar
45397	80006	musicar
46113	80722	musicar
46600	81209	musicar
46686	81295	musicar
46694	81303	musicar
47008	81617	musicar
47683	82292	musicar
47874	82483	musicar
47879	82488	musicar
47889	82498	musicar
48137	82746	musicar
48357	82966	musicar
48360	82969	musicar
48545	83154	musicar
45598	80207	musical
48535	83144	musical
44194	78803	muy
44240	78849	muy
44248	78857	muy
44262	78871	muy
44296	78905	muy
44322	78931	muy
44324	78933	muy
44361	78970	muy
44383	78992	muy
44388	78997	muy
44400	79009	muy
44402	79011	muy
44418	79027	muy
44447	79056	muy
44455	79064	muy
44457	79066	muy
44471	79080	muy
44501	79110	muy
44506	79115	muy
44520	79129	muy
44549	79158	muy
44555	79164	muy
44565	79174	muy
44586	79195	muy
44601	79210	muy
44604	79213	muy
44619	79228	muy
44624	79233	muy
44653	79262	muy
44691	79300	muy
44701	79310	muy
44715	79324	muy
44719	79328	muy
44960	79569	muy
45062	79671	muy
45104	79713	muy
45140	79749	muy
45157	79766	muy
45178	79787	muy
45193	79802	muy
45204	79813	muy
45210	79819	muy
45263	79872	muy
45341	79950	muy
45385	79994	muy
45408	80017	muy
45411	80020	muy
45448	80057	muy
45495	80104	muy
45521	80130	muy
45672	80281	muy
45710	80319	muy
45739	80348	muy
45743	80352	muy
45749	80358	muy
45752	80361	muy
45755	80364	muy
45759	80368	muy
45833	80442	muy
45845	80454	muy
45892	80501	muy
45903	80512	muy
46007	80616	muy
46020	80629	muy
46024	80633	muy
46055	80664	muy
46082	80691	muy
46143	80752	muy
46273	80882	muy
46276	80885	muy
46354	80963	muy
46375	80984	muy
46414	81023	muy
46423	81032	muy
46434	81043	muy
46437	81046	muy
46534	81143	muy
46594	81203	muy
46632	81241	muy
46637	81246	muy
46719	81328	muy
46727	81336	muy
46733	81342	muy
46743	81352	muy
46763	81372	muy
46774	81383	muy
46793	81402	muy
46820	81429	muy
46831	81440	muy
46841	81450	muy
46871	81480	muy
46874	81483	muy
46908	81517	muy
46966	81575	muy
46977	81586	muy
46992	81601	muy
47001	81610	muy
47043	81652	muy
47064	81673	muy
47084	81693	muy
47108	81717	muy
47135	81744	muy
47141	81750	muy
47144	81753	muy
47209	81818	muy
47335	81944	muy
47345	81954	muy
47365	81974	muy
47376	81985	muy
47380	81989	muy
47405	82014	muy
47416	82025	muy
47420	82029	muy
47450	82059	muy
47458	82067	muy
47464	82073	muy
47478	82087	muy
47481	82090	muy
47484	82093	muy
47489	82098	muy
47507	82116	muy
47537	82146	muy
47587	82196	muy
47637	82246	muy
47673	82282	muy
47742	82351	muy
47752	82361	muy
47775	82384	muy
47778	82387	muy
47790	82399	muy
47795	82404	muy
47808	82417	muy
47822	82431	muy
47829	82438	muy
47840	82449	muy
47845	82454	muy
47848	82457	muy
47894	82503	muy
47913	82522	muy
47947	82556	muy
47961	82570	muy
48005	82614	muy
48043	82652	muy
48163	82772	muy
48176	82785	muy
48185	82794	muy
48189	82798	muy
48208	82817	muy
48234	82843	muy
48259	82868	muy
48261	82870	muy
48268	82877	muy
48375	82984	muy
48380	82989	muy
48390	82999	muy
48414	83023	muy
48438	83047	muy
48452	83061	muy
48461	83070	muy
48483	83092	muy
48546	83155	muy
44486	79095	n
48520	83129	n
46477	81086	natural
46491	81100	natural
47759	82368	necesitar
48290	82899	necesitar
48294	82903	necesitar
46384	80993	necesitar
45691	80300	necesitar
44317	78926	ninguno
44359	78968	ninguno
44798	79407	ninguno
44864	79473	ninguno
44865	79474	ninguno
45122	79731	ninguno
45182	79791	ninguno
45183	79792	ninguno
45359	79968	ninguno
45839	80448	ninguno
46813	81422	ninguno
46924	81533	ninguno
48346	82955	ninguno
44738	79347	
45361	79970	
48192	82801	
48457	83066	
48479	83088	
44157	78766	no
44189	78798	no
44464	79073	no
44608	79217	no
44617	79226	no
44745	79354	no
44912	79521	no
45106	79715	no
45149	79758	no
45227	79836	no
45281	79890	no
45545	80154	no
45561	80170	no
45682	80291	no
45879	80488	no
45968	80577	no
46097	80706	no
46109	80718	no
46420	81029	no
46458	81067	no
46516	81125	no
46611	81220	no
46696	81305	no
46935	81544	no
46940	81549	no
47214	81823	no
47217	81826	no
47277	81886	no
47280	81889	no
47604	82213	no
47619	82228	no
47626	82235	no
47666	82275	no
47727	82336	no
47780	82389	no
47837	82446	no
48063	82672	no
48213	82822	no
48499	83108	no
48527	83136	no
48530	83139	no
45700	80309	no
46014	80623	no
46714	81323	no
46926	81535	no
47306	81915	no
47620	82229	no
47628	82237	no
47645	82254	no
48010	82619	no
48197	82806	no
48272	82881	no
47395	82004	nota
45732	80341	
48501	83110	nuestro
44367	78976	nueva
44658	79267	nuevo
45668	80277	nuez
47644	82253	nunca
44713	79322	
44170	78779	o
44821	79430	o
44887	79496	o
45249	79858	o
45315	79924	o
45337	79946	o
45590	80199	o
45860	80469	o
46159	80768	o
46194	80803	o
46564	81173	o
46674	81283	o
46791	81400	o
46962	81571	o
47020	81629	o
47358	81967	o
47359	81968	o
47686	82295	o
47721	82330	o
48401	83010	o
46260	80869	objeto
46524	81133	obstruir
46943	81552	obtener
46237	80846	ocasionar
47647	82256	ocurrir
44883	79492	ofertar
45536	80145	ofrecer
46864	81473	ofrecer
47453	82062	ofrecer
44889	79498	ofrecer
45565	80174	ofrecer
45625	80234	ofrecer
47860	82469	ofrecer
46927	81536	ofrecer
45310	79919	ojo
46146	80755	ok
44932	79541	
44942	79551	olor
45142	79751	olor
45343	79952	olor
46142	80751	olor
47021	81630	olor
47460	82069	olor
46561	81170	opción
47957	82566	opción
48425	83034	opción
46779	81388	oportunidad
46396	81005	
45382	79991	ora
45418	80027	orificio
48039	82648	orificio
46571	81180	orificar
47174	81783	
44939	79548	o
44958	79567	o
45138	79747	o
45243	79852	o
45336	79945	o
46781	81390	otro
47060	81669	otro
47270	81879	otro
44568	79177	otro
46560	81169	otro
47030	81639	otro
47985	82594	otro
46451	81060	paciencia
47521	82130	paciencia
46009	80618	paciente
46367	80976	paciente
46893	81502	pagar
46641	81250	pagar
46476	81085	paisaje
45285	79894	palo
47725	82334	paquete
44888	79497	paquete
47348	81957	paquete
45592	80201	par
44188	78797	para
44219	78828	para
44259	78868	para
44433	79042	para
44648	79257	para
44675	79284	para
44689	79298	para
44786	79395	para
44793	79402	para
44840	79449	para
44850	79459	para
44870	79479	para
44911	79520	para
44966	79575	para
44987	79596	para
45147	79756	para
45375	79984	para
45419	80028	para
45532	80141	para
45564	80173	para
45640	80249	para
45686	80295	para
45918	80527	para
45963	80572	para
46096	80705	para
46257	80866	para
46267	80876	para
46281	80890	para
46300	80909	para
46583	81192	para
46882	81491	para
46900	81509	para
47151	81760	para
47183	81792	para
47224	81833	para
47237	81846	para
47282	81891	para
47290	81899	para
47301	81910	para
47325	81934	para
47595	82204	para
47835	82444	para
47908	82517	para
47995	82604	para
48045	82654	para
48097	82706	para
48144	82753	para
48402	83011	para
48498	83107	para
48511	83120	para
46576	81185	parecer
45118	79727	
46726	81335	
46732	81341	
47042	81651	
47937	82546	
46188	80797	pareja
44330	78939	parte
45052	79661	parte
45237	79846	parte
45345	79954	parte
45529	80138	parte
45540	80149	parte
45910	80519	parte
45916	80525	parte
46429	81038	parte
47802	82411	parte
48553	83162	parte
46656	81265	pasar
47408	82017	pasar
45312	79921	
45112	79721	
45764	80373	
45767	80376	
47494	82103	
47433	82042	
44559	79168	pena
45386	79995	pendiente
45927	80536	pendiente
47524	82133	pendiente
44167	78776	
45589	80198	perchero
44931	79540	percibir
45937	80546	
44564	79173	perfecto
44734	79343	perfecto
45490	80099	perfecto
45505	80114	perfecto
45881	80490	perfecto
46374	80983	perfecto
47667	82276	
48065	82674	
46227	80836	pero
46752	81361	pero
47199	81808	pero
47422	82031	pero
47726	82335	pero
47989	82598	pero
48153	82762	pero
48325	82934	pero
48473	83082	pero
45948	80557	persona
47087	81696	persona
47386	81995	persona
44376	78985	personal
44673	79282	personal
45573	80182	personal
45826	80435	personal
45864	80473	personal
47374	81983	personal
47444	82053	personal
47449	82058	personal
47652	82261	personal
47945	82554	personal
48280	82889	personal
44953	79562	personal
46261	80870	personal
44382	78991	persona
44435	79044	persona
44788	79397	persona
44916	79525	persona
45330	79939	persona
45447	80056	persona
45742	80351	persona
46879	81488	persona
46975	81584	persona
47741	82350	persona
46148	80757	piedra
46160	80769	piedra
46567	81176	piedra
46750	81359	piedra
46884	81493	piel
44287	78896	pensar
45390	79999	pensar
44315	78924	perder
48321	82930	pie
44862	79471	piscina
46052	80661	piscina
46186	80795	piscina
44919	79528	piscina
46904	81513	piscina
47531	82140	piscina
44838	79447	pisar
47665	82274	pisar
48024	82633	pisar
45352	79961	plegar
44605	79214	poco
44198	78807	poco
44222	78831	poco
45026	79635	poco
45665	80274	poco
45722	80331	poco
46041	80650	poco
46092	80701	poco
46197	80806	poco
46240	80849	poco
46295	80904	poco
46849	81458	poco
47559	82168	poco
47576	82185	poco
47887	82496	poco
48036	82645	poco
48131	82740	poco
48559	83168	poco
47238	81847	poder
47710	82319	poder
48432	83041	poder
44920	79529	
46215	80824	
45055	79664	poner
45348	79957	poner
45957	80566	poner
48395	83004	poner
44264	78873	poner
44272	78881	poner
44799	79408	poner
44947	79556	poner
45065	79674	poner
45593	80202	poner
45716	80325	poner
45868	80477	poner
45939	80548	poner
45960	80569	poner
46517	81126	poner
46543	81152	poner
46584	81193	poner
47340	81949	poner
48544	83153	poner
45969	80578	poner
45399	80008	
44266	78875	por
44329	78938	por
44374	78983	por
44534	79143	por
44866	79475	por
45170	79779	por
45456	80065	por
45466	80075	por
45482	80091	por
45492	80101	por
45499	80108	por
45508	80117	por
45519	80128	por
45528	80137	por
45539	80148	por
45780	80389	por
45787	80396	por
45797	80406	por
46032	80641	por
46060	80669	por
46070	80679	por
46130	80739	por
46169	80778	por
46173	80782	por
46212	80821	por
46304	80913	por
46309	80918	por
46326	80935	por
46349	80958	por
46386	80995	por
46401	81010	por
46428	81037	por
46446	81055	por
46453	81062	por
46657	81266	por
46699	81308	por
46707	81316	por
46771	81380	por
46930	81539	por
47166	81775	por
47338	81947	por
47511	82120	por
47519	82128	por
47550	82159	por
47609	82218	por
47801	82410	por
47865	82474	por
47868	82477	por
47902	82511	por
47968	82577	por
48015	82624	por
48030	82639	por
48076	82685	por
48117	82726	por
48217	82826	por
48331	82940	por
44461	79070	porque
45729	80338	porque
46116	80725	porque
47179	81788	porque
48297	82906	porque
45856	80465	posibilidad
46287	80896	posibilidad
44842	79451	posible
47834	82443	posible
45429	80038	
45807	80416	
45846	80455	postizo
47670	82279	
45984	80593	preciar
47731	82340	preciar
47981	82590	preferir
45402	80011	preguntar
47972	82581	preguntar
46618	81227	
44425	79034	
44606	79215	
45029	79638	
45406	80015	
47230	81839	
47971	82580	prestar
46331	80940	prestar
44722	79331	prestar
47608	82217	previo
45073	79682	privacidad
46299	80908	privacidad
47457	82066	privacidad
44620	79229	privado
45782	80391	privado
45801	80410	privado
47050	81659	problema
46135	80744	procedimiento
44683	79292	
46811	81420	proceso
45161	79770	procurar
46881	81490	producto
44419	79028	
46978	81587	
45235	79844	profesional
45276	79885	profesional
45514	80123	profesional
45675	80284	profesional
46746	81355	profesional
47044	81653	profesional
47397	82006	profesional
44456	79065	profesional
44566	79175	profesional
45160	79769	profesional
45267	79876	profesional
45412	80021	profesional
45451	80060	profesional
45496	80105	profesional
46438	81047	profesional
47503	82112	profesional
47743	82352	profesional
47809	82418	profesional
47948	82557	profesional
48029	82638	profesional
45461	80070	profesionalismo
45471	80080	profesionalismo
45484	80093	profesionalismo
46250	80859	profesionalismo
46340	80949	profesionalismo
46364	80973	
46917	81526	
46885	81494	promocionar
47113	81722	promocionar
45773	80382	
45789	80398	
46716	81325	pronto
47411	82020	pronto
45977	80586	
44488	79097	proveer
45228	79837	poder
45925	80534	poder
44255	78864	poder
44610	79219	poder
44930	79539	poder
47023	81632	poder
48315	82924	
45694	80303	pues
45535	80144	q
44162	78771	que
44209	78818	que
44228	78837	que
44277	78886	que
44288	78897	que
44312	78921	que
44334	78943	que
44363	78972	que
44539	79148	que
44579	79188	que
44637	79246	que
44665	79274	que
44742	79351	que
44855	79464	que
44975	79584	que
45111	79720	que
45148	79757	que
45162	79771	que
45257	79866	que
45286	79895	que
45326	79935	que
45405	80014	que
45544	80153	que
45550	80159	que
45577	80186	que
45581	80190	que
45647	80256	que
45679	80288	que
45690	80299	que
45736	80345	que
45828	80437	que
45888	80497	que
45919	80528	que
45949	80558	que
45964	80573	que
45980	80589	que
46108	80717	que
46137	80746	que
46251	80860	que
46383	80992	que
46439	81048	que
46464	81073	que
46471	81080	que
46482	81091	que
46492	81101	que
46505	81114	que
46523	81132	que
46610	81219	que
46653	81262	que
46655	81264	que
46800	81409	que
46803	81412	que
46892	81501	que
46944	81553	que
47025	81634	que
47088	81697	que
47103	81712	que
47169	81778	que
47175	81784	que
47184	81793	que
47201	81810	que
47205	81814	que
47273	81882	que
47308	81917	que
47431	82040	que
47591	82200	que
47624	82233	que
47836	82445	que
47921	82530	que
47929	82538	que
47973	82582	que
47979	82588	que
48018	82627	que
48145	82754	que
48182	82791	que
48196	82805	que
48311	82920	que
48422	83031	que
48465	83074	que
47751	82360	quedar
47774	82383	quedar
46846	81455	quedar
48214	82823	
48462	83071	querer
44458	79067	querer
45407	80016	querer
47977	82586	querer
45433	80042	quintero
46531	81140	quita
47239	81848	quitar
44274	78883	radiador
45510	80119	rato
44335	78944	realizar
44794	79403	realizar
45463	80072	realizar
45858	80467	realizar
48403	83012	realizar
45506	80115	
45531	80140	
45542	80151	
45872	80481	
46017	80626	
48523	83132	
47621	82230	recibir
47605	82214	recibir
44176	78785	recomendable
45108	79717	recomendación
44483	79092	
45897	80506	recomendado
48246	82855	recomendado
46504	81113	
44438	79047	reducir
47692	82301	reductor
45391	80000	regresar
44962	79571	regresar
47546	82155	reina
46473	81082	relajar
44593	79202	
44852	79461	
45116	79725	
46119	80728	
48014	82623	
45181	79790	relajar
46872	81481	relajar
47157	81766	relajar
47479	82088	relajar
44224	78833	relajar
46595	81204	relajar
46068	80677	relajante
46994	81603	relajante
47414	82023	relajante
47875	82484	relajante
48058	82667	relajante
48186	82795	relajante
48066	82675	
48330	82939	relajar
46379	80988	relajar
47459	82068	
44933	79542	
45913	80522	reloj
47324	81933	reloj
45906	80515	reloj
44308	78917	
44337	78946	
44366	78975	remodelación
45247	79856	rentar
47582	82191	repetir
44560	79169	
45548	80157	reportar
45420	80029	reposar
44681	79290	requerir
45859	80468	reservación
44373	78982	respetar
44233	78842	restar
45570	80179	restar
45994	80603	restar
46201	80810	restar
46630	81239	restar
46949	81558	restar
46990	81599	restar
44611	79220	retirar
45041	79650	retornar
45728	80337	retrasar
48500	83109	
47526	82135	revisar
44654	79263	rico
45750	80359	rico
45753	80362	rico
46993	81602	rico
47002	81611	rico
47085	81694	rico
48190	82799	rico
48235	82844	rico
44949	79558	ropa
45595	80204	ropa
45621	80230	ropa
48505	83114	ropa
45350	79959	
44305	78914	ruido
44328	78937	ruido
44596	79205	ruido
45153	79762	ruido
46180	80789	ruido
46191	80800	ruido
46229	80838	ruido
46554	81163	ruido
46591	81200	ruido
46615	81224	ruido
46701	81310	ruido
46998	81607	ruido
47004	81613	ruido
47528	82137	ruido
48017	82626	ruido
48062	82671	ruido
48072	82681	ruido
48078	82687	ruido
48085	82694	ruido
48107	82716	ruido
48124	82733	ruido
48160	82769	ruido
48255	82864	ruido
45164	79773	ruido
47698	82307	saber
46829	81438	
46661	81270	sacar
47178	81787	saco
44271	78880	sala
45609	80218	sala
45631	80240	sala
44826	79435	salida
45932	80541	salida
44878	79487	salir
47013	81622	
45713	80322	
45747	80356	
45821	80430	san
44714	79323	
45222	79831	
45432	80041	
47753	82362	
47776	82385	
45838	80447	sauna
44212	78821	se
44609	79218	se
44640	79249	se
44856	79465	se
44929	79538	se
44989	79598	se
44990	79599	se
45006	79615	se
45054	79663	se
45129	79738	se
45150	79759	se
45339	79948	se
45347	79956	se
45425	80034	se
45662	80271	se
45727	80336	se
45889	80498	se
45933	80542	se
45956	80565	se
46110	80719	se
46214	80823	se
46472	81081	se
46580	81189	se
46587	81196	se
46612	81221	se
46649	81258	se
46697	81306	se
47027	81636	se
47187	81796	se
47312	81921	se
47393	82002	se
47758	82367	se
47930	82539	se
48121	82730	se
48289	82898	se
48293	82902	se
44165	78774	sea
44666	79275	sea
45584	80193	sea
46511	81120	sea
48146	82755	sea
48506	83115	seca
46972	81581	
47664	82273	2
46737	81346	sencillo
44387	78996	
44408	79017	
45758	80367	
46636	81245	
46870	81479	
47155	81764	
47477	82086	
48539	83148	
44316	78925	sentido
48273	82882	sentir
44243	78852	sentir
47225	81834	sentir
44256	78865	ser
44260	78869	ser
44292	78901	ser
44676	79285	ser
44921	79530	ser
45229	79838	ser
47235	81844	ser
48470	83079	
44487	79096	seriar
45438	80047	seriar
46608	81217	seriar
47429	82038	seriar
47452	82061	servicial
44185	78794	servicio
44326	78935	servicio
44349	78958	servicio
44358	78967	servicio
44669	79278	servicio
44699	79308	servicio
44725	79334	servicio
44808	79417	servicio
44813	79422	servicio
45217	79826	servicio
45772	80381	servicio
45815	80424	servicio
45818	80427	servicio
45853	80462	servicio
45894	80503	servicio
46035	80644	servicio
46073	80682	servicio
46175	80784	servicio
46334	80943	servicio
46359	80968	servicio
46373	80982	servicio
46388	80997	servicio
46404	81013	servicio
46433	81042	servicio
46773	81382	servicio
46818	81427	servicio
46867	81476	servicio
46929	81538	servicio
46985	81594	servicio
47067	81676	servicio
47350	81959	servicio
47382	81991	servicio
47676	82285	servicio
47748	82357	servicio
47771	82380	servicio
47800	82409	servicio
47867	82476	servicio
47912	82521	servicio
47915	82524	servicio
47970	82579	servicio
48003	82612	servicio
48033	82642	servicio
48203	82812	servicio
48244	82853	servicio
48267	82876	servicio
44893	79502	servicio
45244	79853	servicio
45534	80143	servicio
45567	80176	servicio
45644	80253	servicio
45776	80385	servicio
45784	80393	servicio
47708	82317	servicio
48264	82873	
46362	80971	
45379	79988	
46393	81002	
47171	81780	
44928	79537	si
46339	80948	si
46776	81385	si
46934	81543	si
47200	81809	si
47279	81888	si
44974	79583	siempre
47188	81797	sentar
45340	79949	sentar
44392	79001	seguir
44540	79149	seguir
45737	80346	seguir
45762	80371	seguir
45829	80438	seguir
46833	81442	seguir
47332	81941	seguir
48047	82656	seguir
48350	82959	
46095	80704	silenciar
47554	82163	silla
47649	82258	similar
45976	80585	sin
47051	81660	sin
48393	83002	sin
47583	82192	
47838	82447	sentir
44290	78899	sitiar
44504	79113	sitiar
45000	79609	sitiar
47076	81685	sitiar
47255	81864	sitiar
47631	82240	sitiar
47786	82395	sitiar
48099	82708	sitiar
48142	82751	sitiar
48248	82857	sitiar
48421	83030	sitio
45145	79754	situar
44854	79463	solo
48204	82813	solo
48349	82958	solo
47634	82243	ser
44381	78990	ser
44399	79008	ser
44519	79128	ser
45156	79765	ser
45365	79974	ser
45562	80171	ser
47819	82428	ser
47946	82555	ser
48199	82808	ser
47642	82251	
47687	82296	sonido
47881	82490	sonido
47928	82537	sonido
47462	82071	sonido
44247	78856	
44764	79373	
44773	79382	
44848	79457	
44898	79507	
44927	79536	
45075	79684	
45393	80002	
45552	80161	
45778	80387	
45786	80395	
45792	80401	
45935	80544	
46124	80733	
46168	80777	
46220	80829	
46537	81146	
46648	81257	
46895	81504	
46919	81528	
47363	81972	
47672	82281	
47720	82329	
47872	82481	
47893	82502	
48093	82702	
48157	82766	
48348	82957	
48359	82968	
44397	79006	su
44404	79013	su
45269	79878	su
45460	80069	su
45464	80073	su
45483	80092	su
46305	80914	su
46327	80936	su
46358	80967	su
46387	80996	su
46402	81011	su
46454	81063	su
46921	81530	su
47505	82114	su
47520	82129	su
47551	82160	su
47700	82309	su
47950	82559	su
48031	82640	su
48396	83005	su
48404	83013	su
48428	83037	su
48434	83043	su
46274	80883	suave
44195	78804	suave
47987	82596	suave
45306	79915	sugerencia
46086	80695	sugerencia
48503	83112	sugerir
46457	81066	sugerir
46807	81416	sugerir
45618	80227	suministrar
44234	78843	super
44409	79018	super
44451	79060	super
44480	79089	super
44811	79420	super
44972	79581	super
44981	79590	super
45214	79823	super
45702	80311	super
46154	80763	super
46176	80785	super
46183	80792	super
46363	80972	super
46366	80975	super
47409	82018	super
47938	82547	super
48149	82758	super
48307	82916	super
48485	83094	super
47054	81663	superar
48118	82727	su
45683	80292	suspender
48405	83014	
45849	80458	
48083	82692	taladro
44778	79387	
47186	81795	
44545	79154	tan
44723	79332	tan
45501	80110	tan
45511	80120	tan
46033	80642	tan
46071	80680	tan
46462	81071	tan
46708	81317	tan
44595	79204	tanto
44831	79440	tanto
46932	81541	tanto
47729	82338	tanto
46459	81068	tapar
44820	79429	tapete
44876	79485	tapete
47615	82224	tardar
47718	82327	tarifa
46663	81272	tarjeta
46643	81252	tarjeta
45039	79648	te
45999	80608	te
46398	81007	te
46408	81017	te
48368	82977	te
44536	79145	
45013	79622	temperatura
45671	80280	temperatura
45726	80335	temperatura
47562	82171	temperatura
45934	80543	temporal
44214	78823	temprano
47509	82118	
44589	79198	tener
44626	79235	tener
44671	79280	tener
44945	79554	tener
45092	79701	tener
45328	79937	tener
45416	80025	tener
45440	80049	tener
45587	80196	tener
46289	80898	tener
46450	81059	tener
46559	81168	tener
47810	82419	tener
48351	82960	tener
46255	80864	tener
45578	80187	tener
47202	81811	tener
46896	81505	tener
47563	82172	tenia
46664	81273	tener
44532	79141	terapeuta
45681	80290	terapeuta
46140	80749	terapeuta
46679	81288	terapeuta
46730	81339	terapeuta
46756	81365	terapeuta
46786	81395	terapeuta
47102	81711	terapeuta
47271	81880	terapeuta
47590	82199	terapeuta
47611	82220	terapeuta
47696	82305	terapeuta
47789	82398	terapeuta
47797	82406	terapeuta
48152	82761	
44707	79316	terapeuta
45155	79764	terapeuta
45580	80189	terapeuta
45709	80318	terapeuta
47213	81822	terapeuta
47598	82207	terapeuta
47805	82414	terapeuta
48251	82860	terapeuta
44670	79279	
44674	79283	
46028	80637	
44343	78952	terapia
44516	79125	terapia
45954	80563	terapia
46628	81237	terapia
47061	81670	terapia
47964	82573	terapia
48441	83050	terapia
44795	79404	terapia
44884	79493	terapia
45942	80551	terapia
47015	81624	terapia
44314	78923	
46905	81514	termal
47447	82056	termal
47714	82323	termal
46292	80901	
44759	79368	
44874	79483	tibio
45316	79925	tibio
44591	79200	tiempo
45952	80561	tiempo
46898	81507	tiempo
47328	81937	tiempo
47905	82514	tiempo
44603	79212	tener
45351	79960	tener
45636	80245	tener
46208	80817	tener
46465	81074	tener
44940	79549	tener
45139	79748	tener
46493	81102	tener
46001	80610	tener
45614	80223	tipo
45642	80251	tipo
47974	82583	tipo
45319	79928	toalla
47119	81728	toalla
47127	81736	toalla
44646	79255	toalla
45554	80163	tocar
45629	80238	todo
46970	81579	todo
46973	81582	todo
47736	82345	todo
44295	78904	todo
44345	78954	todo
44470	79079	todo
44499	79108	todo
44524	79133	todo
44548	79157	todo
44563	79172	todo
44655	79264	todo
44663	79272	todo
44733	79342	todo
44771	79380	todo
44803	79412	todo
44971	79580	todo
44996	79605	todo
45035	79644	todo
45103	79712	todo
45109	79718	todo
45120	79729	todo
45298	79907	todo
45489	80098	todo
45504	80113	todo
45520	80129	todo
45571	80180	todo
45751	80360	todo
45831	80440	todo
45899	80508	todo
45965	80574	todo
45995	80604	todo
46053	80662	todo
46080	80689	todo
46088	80697	todo
46145	80754	todo
46631	81240	todo
46724	81333	todo
46762	81371	todo
46765	81374	todo
46814	81423	todo
46830	81439	todo
46906	81515	todo
46950	81559	todo
46991	81600	todo
47000	81609	todo
47010	81619	todo
47083	81692	todo
47134	81743	todo
47139	81748	todo
47143	81752	todo
47190	81799	todo
47339	81948	todo
47344	81953	todo
47364	81973	todo
47832	82441	todo
47943	82552	todo
47953	82562	todo
48050	82659	todo
48207	82816	todo
48228	82837	todo
48231	82840	todo
48233	82842	todo
48271	82880	todo
48275	82884	todo
48306	82915	todo
48365	82974	todo
48379	82988	todo
48471	83080	todo
45219	79828	todo
45475	80084	todo
45620	80229	todo
46912	81521	todo
47368	81977	todo
47766	82375	todo
45248	79857	
46624	81233	tomar
46581	81190	torna
46029	80638	
44333	78942	trabajador
44473	79082	trabajar
44498	79107	trabajar
44562	79171	trabajar
44744	79353	trabajar
45270	79879	trabajar
45437	80046	trabajar
45465	80074	trabajar
45469	80078	trabajar
45487	80096	trabajar
46027	80636	trabajar
46311	80920	trabajar
46710	81319	trabajar
46792	81401	trabajar
47475	82084	trabajar
47486	82095	trabajar
47498	82107	trabajar
47506	82115	trabajar
47516	82125	trabajar
47701	82310	trabajar
46646	81255	tranquilidad
47028	81637	trasporte
48429	83038	tratamiento
47544	82153	tratar
45010	79619	
46858	81467	tratar
45410	80019	tratar
47501	82110	tratar
47513	82122	tratar
47593	82202	tratar
46843	81452	tu
48502	83111	turno
46654	81263	tener
46777	81386	tener
47432	82041	tener
45788	80397	
45798	80407	
44819	79428	ubicar
44197	78806	uno
44221	78830	uno
44273	78882	uno
44496	79105	uno
44590	79199	uno
44697	79306	uno
44791	79400	uno
44968	79577	uno
44979	79588	uno
44982	79591	uno
45025	79634	uno
45398	80007	uno
45417	80026	uno
45435	80044	uno
45557	80166	uno
45588	80197	uno
45637	80246	uno
45664	80273	uno
45721	80330	uno
45730	80339	uno
46040	80649	uno
46091	80700	uno
46106	80715	uno
46120	80729	uno
46196	80805	uno
46239	80848	uno
46294	80903	uno
46332	80941	uno
46467	81076	uno
46848	81457	uno
46854	81463	uno
46897	81506	uno
47158	81767	uno
47254	81863	uno
47323	81932	uno
47354	81963	uno
47379	81988	uno
47473	82082	uno
47558	82167	uno
47575	82184	uno
47668	82277	uno
47886	82495	uno
48035	82644	uno
48130	82739	uno
48291	82900	uno
48295	82904	uno
48558	83167	uno
44415	79024	unir
44553	79162	unir
44684	79293	unir
44709	79318	unir
44963	79572	unir
45305	79914	unir
45318	79927	unir
45900	80509	unir
46185	80794	unir
46279	80888	unir
46290	80899	unir
46532	81141	unir
46665	81274	unir
46669	81278	unir
46738	81347	unir
47118	81727	unir
47126	81735	unir
47281	81890	unir
47487	82096	unir
47606	82215	unir
48339	82948	unir
48447	83056	unir
48476	83085	unir
48536	83145	unir
46209	80818	unir
44187	78796	
44482	79091	
44226	78835	
47031	81640	universo
46860	81469	unir
47026	81635	unir
48178	82787	unir
47711	82320	usar
47177	81786	usar
45404	80013	usuario
48494	83103	usuario
44686	79295	utilizar
47313	81922	utilizar
46138	80747	utilizar
44900	79509	
47565	82174	
45804	80413	ir
48086	82695	ir
44557	79166	vale
45253	79862	valor
44284	78893	valor
47334	81943	ir
46658	81267	vario
44891	79500	variedad
46650	81259	ir
48009	82618	vez
45626	80235	vela
47251	81860	vender
44976	79585	vengar
46521	81130	ventanal
46338	80947	ver
48212	82821	verdad
46715	81324	ver
46047	80656	vestidor
47360	81969	
45089	79698	vez
45100	79709	vez
45988	80597	vez
46782	81391	vez
46461	81070	ver
46507	81116	ver
46526	81135	ver
45870	80479	volante
46149	80758	
46751	81360	
44907	79516	volumen
46684	81293	volumen
48134	82743	volumen
44440	79049	
44476	79085	
45195	79804	
46499	81108	
46819	81428	
47410	82019	
48450	83059	
44479	79088	volver
46780	81389	
46353	80962	ir
45705	80314	volver
44643	79252	
44156	78765	y
44181	78790	y
44186	78795	y
44275	78884	y
44340	78949	y
44344	78953	y
44350	78959	y
44355	78964	y
44372	78981	y
44527	79136	y
44607	79216	y
44614	79223	y
44644	79253	y
44662	79271	y
44695	79304	y
44705	79314	y
44765	79374	y
44774	79383	y
44875	79484	y
44950	79559	y
44985	79594	y
45071	79680	y
45086	79695	y
45097	79706	y
45159	79768	y
45166	79775	y
45180	79789	y
45212	79821	y
45234	79843	y
45266	79875	y
45317	79926	y
45353	79962	y
45389	79998	y
45450	80059	y
45453	80062	y
45459	80068	y
45470	80079	y
45485	80094	y
45513	80122	y
45553	80162	y
45596	80205	y
45605	80214	y
45624	80233	y
45645	80254	y
45674	80283	y
45745	80354	y
45765	80374	y
45768	80377	y
45779	80388	y
45796	80405	y
45816	80425	y
45885	80494	y
46010	80619	y
46018	80627	y
46036	80645	y
46133	80742	y
46150	80759	y
46275	80884	y
46278	80887	y
46293	80902	y
46307	80916	y
46324	80933	y
46371	80980	y
46389	80998	y
46405	81014	y
46436	81045	y
46478	81087	y
46530	81139	y
46541	81150	y
46579	81188	y
46598	81207	y
46604	81213	y
46687	81296	y
46693	81302	y
46721	81330	y
46745	81354	y
46754	81363	y
46758	81367	y
46824	81433	y
46826	81435	y
46862	81471	y
46868	81477	y
46873	81482	y
46880	81489	y
46920	81529	y
47016	81625	y
47032	81641	y
47057	81666	y
47093	81702	y
47106	81715	y
47124	81733	y
47132	81741	y
47211	81820	y
47228	81837	y
47245	81854	y
47276	81885	y
47317	81926	y
47342	81951	y
47398	82007	y
47415	82024	y
47461	82070	y
47480	82089	y
47483	82092	y
47493	82102	y
47502	82111	y
47514	82123	y
47523	82132	y
47541	82150	y
47578	82187	y
47616	82225	y
47627	82236	y
47643	82252	y
47690	82299	y
47702	82311	y
47817	82426	y
47821	82430	y
47844	82453	y
47850	82459	y
47878	82487	y
47882	82491	y
47896	82505	y
47916	82525	y
47926	82535	y
47984	82593	y
47998	82607	y
48004	82613	y
48057	82666	y
48070	82679	y
48082	82691	y
48095	82704	y
48161	82770	y
48216	82825	y
48224	82833	y
48257	82866	y
48265	82874	y
48281	82890	y
48301	82910	y
48322	82931	y
48328	82937	y
48344	82953	y
48384	82993	y
48392	83001	y
48407	83016	y
48430	83039	y
48455	83064	y
48524	83133	y
45543	80152	ya
46470	81079	ya
46522	81131	ya
46652	81261	ya
47272	81881	ya
47625	82234	ya
47978	82587	ya
44354	78963	
48373	82982	
44169	78778	½
44485	79094	½
44740	79349	½
44902	79511	½
44938	79547	½
44957	79566	½
45044	79653	½
45137	79746	½
45242	79851	½
45314	79923	½
45335	79944	½
45363	79972	½
45381	79990	½
45923	80532	½
46234	80843	½
46314	80923	½
46395	81004	½
46444	81053	½
46487	81096	½
46955	81564	½
47173	81782	½
47249	81858	½
47265	81874	½
47357	81966	½
47428	82037	½
47567	82176	½
47657	82266	½
48112	82721	½
48194	82803	½
48400	83009	½
48459	83068	½
48481	83090	½
48519	83128	½
44168	78777	¿
44484	79093	¿
44739	79348	¿
44901	79510	¿
44937	79546	¿
44956	79565	¿
45043	79652	¿
45136	79745	¿
45241	79850	¿
45313	79922	¿
45334	79943	¿
45362	79971	¿
45380	79989	¿
45922	80531	¿
46233	80842	¿
46313	80922	¿
46394	81003	¿
46443	81052	¿
46486	81095	¿
46954	81563	¿
47172	81781	¿
47248	81857	¿
47264	81873	¿
47356	81965	¿
47427	82036	¿
47566	82175	¿
47656	82265	¿
48111	82720	¿
48193	82802	¿
48399	83008	¿
48458	83067	¿
48480	83089	¿
48518	83127	¿
